0.00132647
0.00132615
0.00133603
0.00132107
0.00132518
0.00131809
0.00133027
0.00131281
0.00131645
0.00130963
0.00132185
0.0013265
0.00132444
0.00132513
0.00131939
0.00132279
0.0013255
0.00132045
0.00132753
0.00131639
0.00131507
0.00132384
0.00131759
0.00131086
0.00132178
0.00131479
0.00131383
0.00132352
0.00131915
0.00130662
0.00131787
0.00129944
0.00132108
0.00132327
0.00132879
0.0013058
0.00132107
0.00130975
0.00130511
0.0013066
0.00131494
0.00132534
0.00130331
0.00131788
0.0013242
0.00132098
0.00130237
0.00130931
0.00133091
0.001305
0.00132116
0.00132315
0.00132096
0.00132656
0.00134142
0.00131902
0.00131355
0.00131203
0.00131182
0.00132854
0.00131661
0.0013185
0.00130942
0.00132337
0.00132983
0.00130509
0.00131807
0.00132764
0.00133303
0.00131648
0.00132561
0.00131286
0.00131185
0.00133204
0.00131523
0.00131473
0.00130095
0.00132003
0.00133815
0.00133585
0.00133458
0.00131725
0.0013189
0.0013247
0.00132047
0.00131254
0.00129832
0.00132456
0.00132442
0.00132451
0.00131595
0.00132103
0.00132022
0.00130788
0.00132657
0.00134083
0.00130652
0.00132014
0.00132764
0.00130156
0.00132717
0.00132189
0.00133465
0.00132372
0.00130797
0.001328
0.0013265
0.00130957
0.00131019
0.00131381
0.00132488
0.00130756
0.00132229
0.00130743
0.00131687
0.00133187
0.00132303
0.00131183
0.00132689
0.0012941
0.00132543
0.00132892
0.00133073
0.00132754
0.00131871
0.00131984
0.00132389
0.00132542
0.00131258
0.00131547
0.00131375
0.0013283
0.00132365
0.00132621
0.00132881
0.0013282
0.00131183
0.00131913
0.00133724
0.00131509
0.00131454
0.0013084
0.00132711
0.00130904
0.00132128
0.00131904
0.00131595
0.00131846
0.00132878
0.00130932
0.00132249
0.00132313
0.00132812
0.00132207
0.00132572
0.00131416
0.00132211
0.00132728
0.00131393
0.0013313
0.00128731
0.00131054
0.00130793
0.0013088
0.00132514
0.00133527
0.00133351
0.00131103
0.00131168
0.00132131
0.00133252
0.00132534
0.00132508
0.00131556
0.00131714
0.00131103
0.00132679
0.00132556
0.00130529
0.00131751
0.00130384
0.00132448
0.00132383
0.00132064
0.00132971
0.00131549
0.0013307
0.0013261
0.00133083
0.00132321
0.00133977
0.00134
0.00132103
0.00131383
0.00130835
0.00130858
0.00131098
0.0013212
0.00131343
0.00131644
0.00131202
0.00131263
0.00131759
0.00132079
0.00130847
0.00128203
0.0013282
0.00131041
0.00133265
0.00131255
0.0013272
0.00130737
0.00137238
0.00132714
0.00132903
0.00131748
0.00132497
0.00133057
0.00132541
0.00132923
0.00130349
0.00131457
0.00131569
0.00133283
0.00130127
0.00133339
0.00132435
0.0013217
0.00129777
0.00131165
0.00130817
0.00132354
0.00132229
0.00131088
0.00133208
0.00132735
0.00131288
0.00131454
0.00132465
0.00132136
0.00132861
0.00133175
0.00130708
0.00131168
0.00132712
0.00130977
0.001333
0.00132246
0.00132706
0.00131052
0.00132234
0.00131392
0.0013213
0.00132558
0.00130877
0.00132556
0.00133038
0.00132185
0.00131726
0.00132175
0.00131033
0.0013386
0.00132894
0.00130925
0.00132038
0.00133126
0.00132191
0.00136694
0.00131094
0.00131493
0.00132733
0.00132165
0.00130094
0.00132178
0.00131089
0.00133086
0.0013219
0.00133274
0.00131202
0.00132715
0.00132125
0.0013264
0.00131751
0.0013282
0.00132129
0.00131845
0.00130953
0.00130839
0.00133153
0.00130783
0.00131831
0.00130068
0.00130161
0.00132272
0.00131041
0.00132435
0.00132048
0.00131568
0.00131243
0.00131716
0.00130489
0.00132892
0.00131121
0.00132064
0.00131599
0.00132472
0.00130147
0.00131708
0.00131717
0.00131511
0.00133126
0.00132189
0.00130814
0.00131527
0.00132697
0.00131429
0.00133909
0.00131155
0.00132143
0.00130367
0.00133772
0.00132926
0.001327
0.0013127
0.00129891
0.00132308
0.00131174
0.00132847
0.00131216
0.00130334
0.00130537
0.00131587
0.00134044
0.0013085
0.00133573
0.00133607
0.00133975
0.00132192
0.00133468
0.00131758
0.00131279
0.00132747
0.00131659
0.00131153
0.00132481
0.00132127
0.00131962
0.00132825
0.00131522
0.00131339
0.00132583
0.00130795
0.00130664
0.00132527
0.00132592
0.00132001
0.00133179
0.00132722
0.00133348
0.00133409
0.00132185
0.00131323
0.00131884
0.00130709
0.00131209
0.00132397
0.00132104
0.00130606
0.00130292
0.00132352
0.00131624
0.00132145
0.00133092
0.00131583
0.00131376
0.00131039
0.00133783
0.00132001
0.00133189
0.00132675
0.00131973
0.00131608
0.00130511
0.0012908
0.00132722
0.00130662
0.00131487
0.00130463
0.00133132
0.00132098
0.00128959
0.00133199
0.0013041
0.00132135
0.00131033
0.00131844
0.00132039
0.00131951
0.00130609
0.00131244
0.0013153
0.00127497
0.00131555
0.00133433
0.00131784
0.0013277
0.00131631
0.00131818
0.00132596
0.00132637
0.00132098
0.00131
0.00131451
0.00131713
0.00132605
0.00132274
0.00132088
0.00133084
0.00133533
0.00131125
0.00131949
0.00131081
0.00131278
0.00129081
0.00133203
0.00130397
0.00130833
0.00130296
0.00132896
0.00132889
0.00130389
0.00130086
0.00131886
0.00131824
0.0013238
0.00132547
0.00131706
0.00132377
0.00131823
0.00132543
0.00132466
0.00131767
0.0013233
0.00131509
0.00131247
0.00132096
0.0013069
0.00131185
0.00133156
0.00131515
0.00131072
0.00133075
0.00132001
0.0013249
0.00131148
0.00131966
0.00133364
0.00131265
0.00131269
0.00131544
0.00131149
0.00132452
0.00132573
0.00132277
0.00131495
0.00134928
0.00132154
0.00133103
0.00131772
0.00132206
0.00129829
0.00132994
0.00130412
0.0013237
0.00131619
0.00131689
0.00131747
0.00131066
0.00131805
0.0013314
0.0013311
0.0013088
0.00132706
0.00131473
0.00130588
0.00131687
0.00132065
0.00131539
0.00132012
0.00132248
0.00133164
0.00131193
0.00131905
0.00132646
0.00132065
0.00130475
0.00132243
0.00132066
0.00132008
0.00132786
0.00130925
0.00130828
0.00131549
0.00131298
0.00132514
0.00130525
0.00132675
0.00132052
0.00131747
0.00132825
0.00132949
0.0013171
0.00131766
0.00132181
0.00131816
0.00131785
0.00131057
0.00132054
0.00132516
0.00133521
0.00131038
0.00130832
0.00132504
0.00133366
0.00130234
0.00131933
0.00132616
0.00132409
0.00132238
0.00132244
0.00131591
0.00131135
0.00133917
0.00131028
0.00130462
0.00131491
0.0013317
0.0013315
0.00133698
0.00131453
0.00132758
0.00130563
0.00131392
0.0013229
0.00131103
0.00131842
0.00132035
0.00132161
0.00130373
0.00131546
0.00132215
0.00130708
0.00132999
0.00132934
0.00132618
0.00130776
0.00130971
0.00130183
0.00130061
0.00131184
0.00133471
0.00130195
0.00131255
0.00131257
0.00132763
0.0013271
0.00133131
0.00133064
0.00131628
0.00132538
0.00131975
0.00133854
0.00132805
0.00129854
0.00131809
0.00132196
0.00132164
0.00132122
0.00131616
0.00131476
0.0013245
0.00131281
0.00131592
0.00130749
0.00132642
0.0013176
0.00133761
0.00131365
0.00132025
0.0013056
0.00131692
0.00130777
0.00133022
0.00131991
0.00131498
0.00130536
0.00132675
0.00131853
0.00131242
0.00131093
0.00132524
0.00132215
0.00130605
0.0013257
0.00133453
0.00133086
0.00130101
0.00131562
0.00131665
0.00131851
0.00131726
0.00132638
0.00132524
0.00129555
0.00131276
0.00132286
0.00131986
0.0013118
0.0013394
0.00131862
0.00132968
0.00130896
0.00130225
0.00132389
0.00131474
0.00132997
0.00131832
0.00131902
0.00131616
0.00131622
0.00131753
0.00131471
0.00130641
0.0013415
0.00132706
0.00132485
0.00133184
0.00131126
0.00130967
0.00132487
0.00130803
0.00130945
0.00131304
0.00130804
0.00133529
0.00132136
0.00131979
0.00131379
0.00131708
0.00132336
0.00132256
0.00131393
0.00131131
0.00130925
0.00133994
0.00131714
0.0013195
0.00132507
0.00130474
0.00131111
0.00131854
0.00130208
0.00131418
0.0013232
0.0013243
0.0013247
0.00132854
0.00132757
0.00133029
0.00131977
0.00133453
0.00132332
0.00132483
0.00133201
0.00133047
0.00133799
0.00130759
0.00132152
0.00129545
0.00130041
0.00131032
0.00131306
0.00133455
0.00132215
0.00131432
0.00131084
0.00130111
0.00132145
0.00131324
0.00130954
0.00131346
0.001331
0.00133417
0.00131125
0.00132636
0.00130529
0.00130999
0.00131086
0.00132605
0.00133434
0.00131694
0.00133724
0.0013207
0.0013129
0.001311
0.00131691
0.0013126
0.00132525
0.0012984
0.00130829
0.00131611
0.00130512
0.00133535
0.00132985
0.00132646
0.00130894
0.00130177
0.00131141
0.00133516
0.00131962
0.00131426
0.00131552
0.00132926
0.00130417
0.00132821
0.0012983
0.00132553
0.0013229
0.00130316
0.0013422
0.00130809
0.00134071
0.0013275
0.00131427
0.00131864
0.00130731
0.00133535
0.0013155
0.00133222
0.00129588
0.00130187
0.0013177
0.00130897
0.00132102
0.00132287
0.0013193
0.00132083
0.00133259
0.0013272
0.00131502
0.00130786
0.0013114
0.00133321
0.00132963
0.00131665
0.00130881
0.00131257
0.00132039
0.00131325
0.00130936
0.00131637
0.00132854
0.00132064
0.0013186
0.00131093
0.00132095
0.00132041
0.00131238
0.00130735
0.00131999
0.00133811
0.00132601
0.00130759
0.00133143
0.00133555
0.00130716
0.00132985
0.00133097
0.00131139
0.00130613
0.00132659
0.00131369
0.00131111
0.0013188
0.00131599
0.00131568
0.00130602
0.00131127
0.00133355
0.00132329
0.00132369
0.00131881
0.00130552
0.00132069
0.00132806
0.00129625
0.00130029
0.00132059
0.00131636
0.00132384
0.00131276
0.0013188
0.00133377
0.00131604
0.00131406
0.00132853
0.00131533
0.00133576
0.00132923
0.0013259
0.00133145
0.00131719
0.00132164
0.0013143
0.00131712
0.00132287
0.00129644
0.00131591
0.00132298
0.0013233
0.0013168
0.00132897
0.00132375
0.00132063
0.00132222
0.00131799
0.00129701
0.00132811
0.00129719
0.00131712
0.00131005
0.0013219
0.00133131
0.00131216
0.00131021
0.00131258
0.00133237
0.0013051
0.00133234
0.00132052
0.00132943
0.00132375
0.00129528
0.00133488
0.00131309
0.0013004
0.00130703
0.00131866
0.00131441
0.00132324
0.001333
0.00134534
0.00132334
0.00132714
0.00132037
0.00132321
0.00131614
0.00132029
0.00133248
0.00131661
0.00131664
0.00131462
0.00131432
0.00132178
0.00131941
0.00131417
0.00129881
0.00131562
0.00130134
0.00130983
0.00131585
0.00132678
0.00132067
0.00131785
0.00133682
0.00131266
0.00131488
0.00132254
0.00131924
0.0013101
0.00133413
0.00131116
0.00132629
0.00131557
0.00132117
0.00132808
0.00131455
0.0013293
0.00131697
0.0013159
0.00132576
0.0013406
0.00132742
0.00130547
0.00132746
0.0013237
0.0013181
0.00131129
0.00132382
0.00130788
0.0013231
0.00132278
0.00132194
0.00131429
0.00131887
0.00131182
0.00129533
0.00131716
0.00130523
0.00132326
0.00131712
0.00130559
0.00131182
0.0013023
0.00133724
0.00131917
0.00132286
0.00130466
0.00133419
0.00131105
0.00131267
0.00131435
0.00130733
0.00132684
0.00132968
0.00133242
0.00132736
0.00132049
0.00130868
0.00131759
0.00132481
0.00132252
0.00130893
0.00132366
0.00130921
0.00132722
0.00132819
0.00129957
0.00130732
0.00133462
0.00131128
0.0013149
0.00133173
0.00131204
0.00131286
0.00132085
0.00132815
0.00131877
0.00133044
0.00130732
0.00132153
0.00131813
0.00132682
0.00132783
0.00132289
0.00132177
0.00132236
0.0012956
0.0013114
0.00132229
0.00131222
0.00130999
0.00132258
0.00131293
0.00131134
0.00132565
0.00131594
0.00131383
0.00132184
0.00132395
0.00131354
0.00131618
0.00132562
0.00132598
0.00134
0.00131642
0.00131409
0.00132386
0.00132953
0.00132894
0.00131382
0.00132927
0.0013159
0.00130676
0.00131596
0.00131823
0.00131452
0.00131379
0.00131064
0.00130971
0.00130838
0.00132256
0.001325
0.00130876
0.00131287
0.00133684
0.00130427
0.00132237
0.00131415
0.00132781
0.00130495
0.00133232
0.00132832
0.00133083
0.00132254
0.00130958
0.00130602
0.00134193
0.00132056
0.00131739
0.001319
0.00130847
0.00132183
0.00132469
0.00133714
0.00132616
0.00132067
0.0013195
0.00131193
0.00132447
0.00131699
0.00131553
0.00132518
0.00132289
0.00133372
0.00131258
0.00131786
0.00130552
0.00131259
0.00131592
0.00132131
0.0013287
0.00132144
0.0013196
0.0013125
0.00131391
0.00134443
0.0013264
0.00132264
0.00127924
0.00132841
0.00131031
0.0013211
0.00132478
0.0013252
0.0013304
0.00130208
0.00131485
0.00134152
0.00132612
0.00131634
0.00132491
0.00131383
0.00130638
0.00131465
0.00131522
0.00132013
0.00131669
0.00131638
0.00133394
0.00133139
0.00128788
0.00129822
0.00130765
0.0013086
0.00130819
0.0013247
0.00130592
0.00131841
0.0013224
0.00131887
0.00131984
0.00130565
0.0013245
0.001338
0.00133264
0.00132781
0.00133192
0.00132703
0.00130858
0.00130912
0.00131592
0.00131618
0.00133113
0.00131036
0.00133837
0.00132181
0.00131143
0.00132738
0.00131588
0.00131461
0.00133165
0.00132993
0.00131264
0.00131574
0.00132171
0.00130842
0.0013341
0.00132286
0.00131014
0.00131036
0.00132217
0.00132002
0.00131588
0.00132469
0.0013221
0.00130921
0.00132443
0.00131059
0.00131864
0.00131796
0.0013133
0.00131943
0.00132736
0.00131572
0.00132772
0.00133061
0.00131132
0.00129886
0.00131957
0.00129919
0.00134688
0.00130647
0.0013157
0.00132538
0.0013211
0.00131855
0.00132234
0.00131449
0.00130317
0.00132403
0.00131945
0.00131676
0.00132497
0.00131513
0.00131705
0.00132341
0.00131234
0.00131754
0.0013134
0.00133294
0.00133045
0.00130525
0.00130901
0.00131923
0.00131777
0.00132008
0.00131692
0.00132983
0.00131702
0.00132747
0.00131206
0.00132448
0.00132747
0.00132075
0.00131615
0.00133144
0.00131674
0.00131388
0.00130361
0.00133006
0.00131563
0.00131038
0.00131163
0.00130368
0.00132892
0.0013197
0.00131144
0.00133311
0.00131499
0.00131127
0.00131052
0.00132737
0.00133048
0.00134963
0.00132702
0.00131786
0.00133195
0.00131266
0.00132278
0.00131786
0.00132062
0.00131539
0.001327
0.00132046
0.00132683
0.00131818
0.00132267
0.00128534
0.00132706
0.00130702
0.00132692
0.00130754
0.00130791
0.00131874
0.00132708
0.00133257
0.00130603
0.00131498
0.00132243
0.00131541
0.00132304
0.00132047
0.00130741
0.00131706
0.00132483
0.00133536
0.00132875
0.00133926
0.00133661
0.00131326
0.00131751
0.00132581
0.00132376
0.00131681
0.0013283
0.00132123
0.00130722
0.00132623
0.001344
0.0013234
0.00131913
0.0013105
0.00131769
0.00131092
0.00132968
0.00132416
0.00130775
0.00130812
0.00131629
0.00132228
0.00133199
0.0013149
0.00130548
0.00131215
0.00130947
0.00131587
0.00133376
0.00133269
0.00132228
0.00133103
0.00131896
0.00132514
0.00131339
0.00128001
0.0013097
0.00131685
0.00131171
0.00131405
0.00130919
0.00133526
0.0013245
0.00130878
0.0013234
0.00132978
0.00131079
0.00131287
0.00131077
0.00130823
0.00132973
0.00132451
0.00132787
0.00131391
0.00132042
0.00131778
0.0012998
0.00132554
0.00133705
0.00131356
0.00131197
0.00131675
0.0013233
0.00133188
0.00133372
0.00133075
0.00133203
0.00132668
0.00132918
0.00132277
0.00131349
0.00132166
0.00132364
0.00134309
0.00130588
0.00132
0.00133776
0.00130204
0.00131302
0.00133169
0.00131511
0.00132464
0.00133614
0.00133012
0.0013272
0.00131942
0.00130718
0.00132294
0.00130764
0.00131532
0.00132293
0.00131965
0.00131445
0.00131916
0.00133141
0.00131793
0.00131117
0.00130164
0.00131839
0.00131674
0.00130713
0.00133003
0.00132585
0.00131263
0.00132273
0.00131809
0.00132567
0.00132236
0.00133635
0.00131238
0.00133653
0.00131324
0.00131704
0.00132011
0.0013224
0.00129337
0.00131436
0.00132069
0.00132004
0.00132544
0.00131787
0.00132011
0.00133192
0.00131353
0.0013166
0.00130376
0.00131429
0.00131379
0.00131191
0.00130563
0.00133498
0.00133123
0.00132071
0.00130894
0.00132689
0.00130957
0.00131365
0.00132052
0.00130103
0.00130588
0.00133152
0.00131539
0.00131765
0.00130798
0.00131515
0.00128821
0.00130193
0.00132293
0.00132373
0.00131432
0.00132397
0.00132411
0.00131215
0.00132339
0.00132697
0.00132472
0.00132456
0.0013333
0.00132337
0.00132416
0.0013105
0.00132578
0.00131603
0.00131905
0.00131744
0.00131918
0.00131378
0.00130921
0.001319
0.00132924
0.00132697
0.00130477
0.00132701
0.0013246
0.00132753
0.00132266
0.0013173
0.00132395
0.00131505
0.00132471
0.00131044
0.00133337
0.00132743
0.00130369
0.00133191
0.00130028
0.00133312
0.00131385
0.00132033
0.00131485
0.00132192
0.00131754
0.00131145
0.00131668
0.00133378
0.00132783
0.00131375
0.00130514
0.00131964
0.0013318
0.00137683
0.00130697
0.00131486
0.0013157
0.00131835
0.00132085
0.00131298
0.00130513
0.00131752
0.00131294
0.00131355
0.00132635
0.00132233
0.00133229
0.00131184
0.00133277
0.00130922
0.0013128
0.00130654
0.0013161
0.00132391
0.0013379
0.00130861
0.00133597
0.00131473
0.00132698
0.00131251
0.00132755
0.00132683
0.00131781
0.00130642
0.00131001
0.00131903
0.00131351
0.00132884
0.00132036
0.00132589
0.00131518
0.00131687
0.00132796
0.00131205
0.00131649
0.00132057
0.00130519
0.00131746
0.00132249
0.00131006
0.0013347
0.00130186
0.00131527
0.00132486
0.00131776
0.00132701
0.00131524
0.00130371
0.00132178
0.00132733
0.00131273
0.00131563
0.00132519
0.00133109
0.00132069
0.00130661
0.00131977
0.00130343
0.00129619
0.00133755
0.00130743
0.00130927
0.00132391
0.00131836
0.00132841
0.00132207
0.00130176
0.00133463
0.00131216
0.00130278
0.00130852
0.00131475
0.00131215
0.00134222
0.00131276
0.00131804
0.00132356
0.00132341
0.00132455
0.00130993
0.00131774
0.00131717
0.00130402
0.0013037
0.00132745
0.00131386
0.00131957
0.001316
0.00130772
0.00128417
0.00132025
0.00130818
0.00133632
0.00130972
0.0013241
0.00131387
0.0013109
0.00131663
0.00133118
0.00130635
0.00131419
0.00130771
0.00131979
0.00131495
0.00133515
0.00133172
0.00131377
0.00130324
0.00130248
0.00131982
0.00132541
0.00131813
0.00130686
0.00130252
0.00130723
0.00132887
0.00130841
0.00131501
0.00132632
0.00130794
0.00132519
0.00130358
0.0013004
0.0013075
0.0013113
0.00130771
0.00131719
0.00132858
0.00134034
0.00131852
0.00132103
0.00131595
0.00131982
0.00134084
0.00131388
0.00132099
0.0013165
0.00132929
0.00132777
0.00131768
0.00132221
0.00131996
0.0013033
0.00131823
0.00131141
0.00131409
0.0013139
0.00130526
0.00131567
0.0013116
0.00132362
0.00133094
0.00132857
0.00132338
0.00132079
0.00132557
0.00132405
0.00132876
0.00132881
0.00133462
0.00132357
0.00131885
0.00131369
0.00131878
0.00132352
0.00131962
0.00132223
0.00132083
0.00129923
0.00131693
0.00130342
0.00131619
0.00131689
0.0013301
0.00130592
0.00131383
0.00129495
0.00131863
0.00131542
0.00131711
0.00133854
0.00131271
0.00132901
0.00132974
0.00131437
0.00132793
0.00130124
0.00132988
0.00132832
0.00133738
0.00132016
0.00131419
0.00132694
0.00133199
0.00131031
0.00132041
0.00131356
0.00130452
0.00131936
0.00131606
0.0013353
0.00133355
0.00132356
0.00133521
0.00130688
0.00132366
0.00130826
0.00132515
0.00131516
0.00131618
0.00131275
0.00133231
0.00131634
0.00132716
0.00132911
0.00132026
0.00131765
0.00131063
0.00131924
0.00131757
0.0013081
0.00131812
0.00132746
0.00131827
0.00132325
0.00132381
0.00131329
0.00130676
0.00131179
0.00129544
0.00132813
0.00130408
0.0013277
0.00131773
0.00131489
0.0013294
0.00133451
0.00132243
0.00130706
0.00130855
0.00132095
0.00131542
0.00130945
0.00131759
0.00131975
0.00130826
0.00130815
0.00132267
0.00132864
0.00131399
0.00132942
0.00131687
0.00130828
0.0013242
0.00133829
0.00132934
0.00133057
0.00132411
0.00132985
0.00130673
0.00131502
0.00131449
0.00131228
0.00131652
0.00132427
0.00131585
0.0013261
0.00132188
0.00133024
0.00132322
0.00130082
0.00131765
0.00131599
0.00133561
0.00132349
0.00131485
0.00130588
0.00131483
0.001336
0.001314
0.00132267
0.00131395
0.00132745
0.00132362
0.00132931
0.0013039
0.00133038
0.00131523
0.0013144
0.00133378
0.00130704
0.00130437
0.00131697
0.00131227
0.00129959
0.00133187
0.00132878
0.0013134
0.00131561
0.00131198
0.00131701
0.00131659
0.00132538
0.00131929
0.00130777
0.00132915
0.00132081
0.00133435
0.00131235
0.0013331
0.00131186
0.00133766
0.00131839
0.00132127
0.00131605
0.00133784
0.0013089
0.00133817
0.0013269
0.00131401
0.00133036
0.001297
0.00132634
0.00127344
0.001337
0.00132534
0.00132757
0.00133048
0.00132421
0.00131965
0.00131312
0.00131712
0.00132428
0.00132469
0.00132755
0.001311
0.00131838
0.00131293
0.00130079
0.00131257
0.00132311
0.00131827
0.00132814
0.00132469
0.00133092
0.00131788
0.00130863
0.00132294
0.00133067
0.0013183
0.00132428
0.00131385
0.00130591
0.00131705
0.00131106
0.00130378
0.00132491
0.00131527
0.00131466
0.00132725
0.001321
0.00131564
0.00129691
0.00132451
0.00131072
0.00131082
0.0013104
0.00133108
0.00132123
0.00132884
0.00132485
0.00132674
0.00133169
0.00131797
0.0013324
0.00130596
0.00131586
0.00131551
0.00130287
0.00132615
0.00132135
0.00133291
0.00133422
0.00130816
0.00132333
0.00134797
0.00131586
0.00131335
0.00130755
0.00132146
0.00131301
0.00132964
0.00131912
0.00131472
0.00131265
0.00132536
0.00131105
0.00131427
0.00131864
0.00130764
0.00132329
0.00132255
0.00130929
0.00131681
0.00133772
0.0013389
0.00130748
0.00132165
0.00131488
0.00131805
0.00132051
0.00130534
0.00131408
0.00129684
0.00131467
0.00131581
0.00133189
0.00132594
0.00132628
0.00132815
0.00131397
0.00131727
0.0013315
0.00131644
0.00131877
0.00131687
0.00129958
0.00131132
0.00133287
0.00132588
0.0013284
0.00132908
0.00134565
0.00131559
0.00131033
0.00130163
0.0013228
0.00132713
0.00131555
0.00130576
0.0013086
0.00131478
0.00131673
0.0013158
0.00132387
0.00129592
0.00132122
0.00131826
0.00130855
0.00132246
0.00132127
0.0013263
0.00132139
0.00131685
0.00132091
0.00132356
0.00132174
0.00131613
0.00132958
0.00131958
0.00129355
0.00130855
0.00132846
0.00132527
0.00131769
0.00131275
0.00131925
0.00130161
0.00133321
0.00132494
0.00132181
0.00131511
0.0013195
0.00131721
0.00133047
0.00131599
0.00132265
0.0013196
0.00130516
0.00132253
0.00131904
0.00132012
0.0013126
0.0013147
0.00131282
0.00132698
0.00132403
0.00131581
0.00130367
0.00133308
0.00131298
0.00131743
0.00130121
0.0013273
0.00132055
0.00132295
0.00133162
0.0013361
0.00131046
0.00132427
0.00134019
0.0013294
0.001301
0.00131418
0.0013127
0.0013209
0.00132654
0.00132377
0.00131871
0.00132121
0.00132737
0.00132806
0.00130984
0.00132553
0.00131857
0.00132171
0.00132098
0.00130747
0.00131274
0.00131759
0.00133094
0.00132236
0.00131635
0.00133301
0.00131523
0.00131005
0.00132598
0.00132041
0.00130815
0.00131296
0.00131518
0.00131713
0.00132258
0.00130964
0.00132487
0.00131503
0.00132223
0.00132582
0.00132414
0.00132303
0.00133002
0.00130875
0.00131768
0.00127111
0.00131245
0.00132915
0.00132601
0.00130847
0.00133228
0.00132952
0.00132499
0.00133083
0.0013032
0.00133027
0.00131802
0.0013249
0.0013199
0.00131765
0.00133017
0.00131966
0.00131395
0.00131194
0.00131396
0.00131575
0.00132164
0.00133601
0.00133311
0.00133166
0.00132224
0.00133324
0.00132288
0.00132393
0.00131175
0.00132244
0.00132645
0.00134611
0.00132893
0.00132771
0.00134431
0.00132881
0.00132638
0.00132495
0.00130745
0.00131498
0.0013097
0.00132367
0.00132445
0.00131866
0.0013166
0.00133294
0.00131346
0.0013113
0.00132903
0.00133186
0.00131719
0.00133235
0.00132074
0.00131738
0.00131719
0.00132356
0.00133793
0.00130427
0.00131433
0.0013081
0.00131694
0.00131289
0.00130639
0.00131056
0.00132161
0.00134008
0.00131839
0.0013171
0.00133268
0.00131632
0.0013148
0.00132088
0.00130567
0.00133025
0.00130629
0.00131563
0.00130402
0.0013238
0.00131657
0.00132856
0.00131178
0.00130875
0.00130076
0.00132925
0.00130829
0.00130063
0.00131369
0.00131861
0.00133044
0.00133814
0.00133264
0.00132152
0.00131361
0.00132474
0.00132415
0.00130679
0.00131208
0.00129789
0.00133279
0.00130337
0.00133123
0.00132476
0.00131066
0.00131645
0.0013301
0.00133433
0.0013216
0.00130796
0.00131459
0.00131001
0.00132138
0.00132855
0.00131151
0.00132277
0.00131239
0.00131374
0.00132107
0.00131386
0.00133541
0.00131875
0.00131788
0.00131465
0.00131326
0.00131403
0.00133667
0.00129789
0.00130547
0.00133974
0.00132774
0.00132219
0.00132602
0.00132276
0.00133153
0.00134198
0.00132893
0.00130911
0.00132552
0.001318
0.00131554
0.00130972
0.00132596
0.00132039
0.00131223
0.00130875
0.00132063
0.00132731
0.00133062
0.00131784
0.00131324
0.00131378
0.0013232
0.00131181
0.00132224
0.00132992
0.00132169
0.00132304
0.0013121
0.00131935
0.00130569
0.00133586
0.00131971
0.00132657
0.00132479
0.00132858
0.00133514
0.00132433
0.00130384
0.00131871
0.00132488
0.0013024
0.00131991
0.00129979
0.00132351
0.00131764
0.00132937
0.00131126
0.00132279
0.00133748
0.00131508
0.00132625
0.00130573
0.00132556
0.00132287
0.00132534
0.00131242
0.00133549
0.00130993
0.00132397
0.00130947
0.00132668
0.00131793
0.00131696
0.00131972
0.00131472
0.00132482
0.00132668
0.00131714
0.00131732
0.00132558
0.00130822
0.00132965
0.00131247
0.00129817
0.00132838
0.00131807
0.00130499
0.00131898
0.00132564
0.001334
0.00132314
0.00131034
0.00132374
0.00130367
0.00132731
0.00135268
0.0013078
0.00130959
0.00132686
0.00131976
0.00132526
0.00132499
0.00131352
0.00130441
0.00131775
0.00131629
0.00131261
0.00131842
0.00130335
0.00130855
0.00131213
0.00132857
0.00131602
0.00131597
0.00132577
0.0013266
0.00132621
0.00131998
0.00130664
0.00131381
0.00131829
0.00131661
0.00132907
0.00131773
0.0013094
0.00133579
0.00131732
0.00133881
0.0012865
0.00133441
0.00130951
0.00130735
0.00131285
0.00130448
0.00133062
0.00132161
0.00132408
0.00132849
0.00131099
0.00131235
0.0013125
0.00130925
0.00131595
0.0013222
0.00131887
0.00133044
0.00131791
0.00130962
0.00130449
0.00132842
0.00133255
0.00130678
0.0013232
0.00132897
0.00130781
0.00131298
0.00131687
0.00133315
0.00132633
0.00132719
0.00131584
0.0013153
0.00130254
0.00131933
0.00132364
0.00131797
0.00130788
0.00132191
0.00133052
0.00131364
0.00131435
0.00132501
0.00132281
0.0013064
0.0013367
0.00133854
0.00136283
0.00131753
0.00131536
0.00133307
0.00131599
0.00132122
0.00132118
0.00129828
0.00131659
0.00132203
0.00131392
0.00132492
0.00129564
0.0013094
0.00131262
0.00131642
0.00131837
0.00132562
0.00133712
0.00131134
0.0013211
0.00132537
0.00131893
0.00130353
0.00133414
0.00134442
0.0013115
0.0013313
0.00131745
0.00132846
0.00131579
0.00132086
0.001308
0.00131922
0.00129585
0.00130501
0.00132245
0.00129382
0.00133704
0.0013165
0.00132719
0.00132723
0.00132116
0.00131845
0.00132869
0.00132079
0.00130634
0.00131384
0.00132342
0.00132129
0.00133142
0.00132209
0.00131018
0.00131475
0.00133031
0.0013087
0.00133265
0.00132087
0.00130405
0.00131533
0.00130244
0.00130747
0.00133264
0.00132194
0.00131625
0.00131066
0.00131224
0.0013312
0.00132749
0.00130145
0.00133725
0.00132853
0.00131921
0.00131188
0.00133821
0.00132161
0.00132371
0.00132671
0.00131017
0.0013203
0.00131736
0.00132796
0.0013123
0.00130341
0.00131896
0.00131249
0.00130833
0.00130546
0.001323
0.00132531
0.0013187
0.0013242
0.00132975
0.00130331
0.00131641
0.00131429
0.00131637
0.0013162
0.00131851
0.00132876
0.00132028
0.0013182
0.00133769
0.0013238
0.00131264
0.00133371
0.00130116
0.00129788
0.00130981
0.00133152
0.00132505
0.00132758
0.00131236
0.00130867
0.00132131
0.0013069
0.0013153
0.00131154
0.00131911
0.0013255
0.00132421
0.00130544
0.00131595
0.00132047
0.0013
0.00131173
0.00133671
0.00132409
0.00131137
0.00132111
0.00130202
0.00130161
0.00132308
0.00131197
0.00131984
0.00132058
0.00130834
0.00132408
0.00134139
0.00131739
0.00131383
0.00133415
0.00131138
0.00132343
0.00131557
0.00131581
0.00131021
0.00133924
0.00132248
0.00130903
0.00133011
0.00132237
0.00133028
0.00132447
0.0013206
0.00131069
0.00131808
0.00133753
0.00132705
0.00132804
0.00132028
0.00131736
0.0013558
0.00134234
0.00131402
0.0013245
0.00131638
0.00132023
0.00132863
0.00131653
0.00132499
0.00131361
0.00131077
0.00133231
0.00129686
0.00132134
0.00131715
0.00131445
0.00133437
0.00131079
0.00129525
0.00131669
0.00131924
0.00131158
0.00131854
0.00132427
0.0013225
0.00131348
0.00132558
0.00132146
0.00131965
0.00132633
0.00130146
0.00132649
0.00132445
0.00132809
0.0013301
0.00130667
0.0013248
0.00132298
0.00133201
0.00132469
0.00130122
0.0013115
0.00132554
0.00131395
0.0013158
0.00132575
0.00131753
0.00133201
0.00131929
0.00132238
0.00131516
0.00132597
0.00131878
0.00132216
0.00132418
0.00133794
0.00133632
0.00131969
0.00130976
0.00132086
0.0013298
0.00131102
0.0013286
0.00132907
0.0013199
0.00131229
0.00133613
0.00132363
0.00133426
0.0013182
0.00132303
0.0013149
0.0013135
0.00131343
0.00133429
0.00131461
0.00131646
0.00132886
0.00131938
0.0013246
0.0013235
0.00131357
0.00130924
0.00131616
0.00132203
0.0013321
0.00132785
0.00131396
0.00131777
0.00131341
0.0013226
0.00131355
0.00130506
0.00133938
0.00130915
0.00132906
0.00132707
0.00132086
0.00131421
0.00132411
0.00131763
0.00131448
0.00132135
0.00131785
0.00132074
0.00131656
0.00132236
0.00132407
0.00132835
0.00130918
0.00132202
0.00134479
0.00131405
0.00131217
0.00133165
0.00131337
0.00132075
0.00131023
0.00132368
0.00133144
0.00132228
0.00131647
0.00131764
0.00132525
0.00131201
0.00130864
0.00133664
0.00130118
0.00130526
0.00130501
0.00131008
0.00131697
0.00132601
0.00131808
0.00132066
0.00131371
0.0013098
0.00132626
0.00133104
0.00132251
0.00133086
0.00130967
0.00130125
0.00131583
0.00133404
0.0013157
0.001325
0.00131104
0.00132805
0.00132543
0.00131961
0.00131981
0.00131219
0.00130974
0.00130189
0.00132154
0.00132874
0.00132176
0.00132138
0.00131763
0.00130731
0.0013234
0.00132646
0.00131255
0.00133318
0.00136946
0.0013093
0.00131658
0.00132786
0.00132659
0.00130981
0.00132203
0.00130858
0.00132688
0.00130304
0.00131878
0.00132885
0.00131301
0.00133183
0.00130773
0.00131082
0.00130869
0.00129955
0.00133133
0.00130741
0.00131118
0.00130838
0.00131767
0.0013104
0.00131281
0.00132756
0.001342
0.00131254
0.00131037
0.00131517
0.00132149
0.00132399
0.0013249
0.00131613
0.00131097
0.00133087
0.00132668
0.00129387
0.00133391
0.00133356
0.00132489
0.00131677
0.00132297
0.0013191
0.00131158
0.00132502
0.0013169
0.00131716
0.00133625
0.00130563
0.00131866
0.00132546
0.00132808
0.00131836
0.00132075
0.00131579
0.00131902
0.00132631
0.00130806
0.00132152
0.00131877
0.00130307
0.00133241
0.00130222
0.00130826
0.00130829
0.00133902
0.00132477
0.0013224
0.00130486
0.00131121
0.00130653
0.00131607
0.00132897
0.00131297
0.00132467
0.00131066
0.00130913
0.0013132
0.00133252
0.00129816
0.00130624
0.00132613
0.00132128
0.00131106
0.00132436
0.00132888
0.00132601
0.00130161
0.00130191
0.0013039
0.00132639
0.0013109
0.00132937
0.00130806
0.00131421
0.00132075
0.00131272
0.00131366
0.0013193
0.00131173
0.00132489
0.00132034
0.00132603
0.00130714
0.00132404
0.00132238
0.00132763
0.00132107
0.00131013
0.00130901
0.00132798
0.00132027
0.0013089
0.00132322
0.0013362
0.00132107
0.00131893
0.00131125
0.00130602
0.00131337
0.0013081
0.00130227
0.00131679
0.00131322
0.00131259
0.00131845
0.00131134
0.00132105
0.00131126
0.00132975
0.00131715
0.00132628
0.00130896
0.00131894
0.00130983
0.00131409
0.00132803
0.00130774
0.00131571
0.00131479
0.00131016
0.00130736
0.00133156
0.00132527
0.0013238
0.00132585
0.00132581
0.00132456
0.00131652
0.00133307
0.00130974
0.00130676
0.0013115
0.00131924
0.00131831
0.00132379
0.00132928
0.00132093
0.00130976
0.00133234
0.00129779
0.00131386
0.00129921
0.00132965
0.00133714
0.00131672
0.00133948
0.00133741
0.00131353
0.00132644
0.00133169
0.0013133
0.00131935
0.00131007
0.00131296
0.00130786
0.00130784
0.00131378
0.00134761
0.00131719
0.00132295
0.00132254
0.0013215
0.00131303
0.00132056
0.00132536
0.00132454
0.00132544
0.00131561
0.00132622
0.00129946
0.00130992
0.00131835
0.00132243
0.00134181
0.00129775
0.00131625
0.00133845
0.00132517
0.00131288
0.00132853
0.00132265
0.00131683
0.00131754
0.00131918
0.00134236
0.00131975
0.00131337
0.00132111
0.00132218
0.00130632
0.00131977
0.00131413
0.00131703
0.00132788
0.0013268
0.00129794
0.00129911
0.00131429
0.00132705
0.00132292
0.00132589
0.00131825
0.00131936
0.00132794
0.00133059
0.00131186
0.00131408
0.00132099
0.00131282
0.00132751
0.00131653
0.00131056
0.00131237
0.00132621
0.00132229
0.00129781
0.00132648
0.00131273
0.00130031
0.00128524
0.00130478
0.00134107
0.00131877
0.0013193
0.00131406
0.00131986
0.00132294
0.00132352
0.00131894
0.00131668
0.00131491
0.00132092
0.00130521
0.00132099
0.00132784
0.00131247
0.00131713
0.0013207
0.00132482
0.00131374
0.00131067
0.00131834
0.00131973
0.00130024
0.00130515
0.0013261
0.00132107
0.00132828
0.00131229
0.00131994
0.001325
0.00131798
0.00130578
0.0013155
0.00133371
0.001314
0.00130432
0.0013067
0.00131952
0.0013289
0.00131956
0.0013227
0.00132353
0.00131752
0.00130002
0.00132265
0.00130835
0.00130372
0.00131325
0.00131446
0.0013219
0.00131336
0.00132232
0.00132289
0.0013285
0.00132992
0.00131034
0.00132237
0.00132578
0.00131624
0.00132833
0.00131206
0.00131616
0.00132913
0.00132832
0.00131877
0.00132782
0.00132433
0.00132557
0.00132801
0.00132183
0.00132928
0.00130823
0.00127247
0.0013046
0.00137123
0.00131623
0.00132479
0.0013168
0.00132432
0.00132903
0.00131859
0.00130257
0.00131674
0.00133602
0.00132536
0.00134027
0.0013283
0.00131611
0.00129852
0.00131782
0.00131816
0.00131054
0.00133367
0.00129907
0.00130475
0.00132977
0.00132394
0.00132164
0.00130991
0.00131369
0.00133432
0.00131078
0.00131738
0.00130436
0.00131602
0.001287
0.00132094
0.00133546
0.00130849
0.00131829
0.00132784
0.00131475
0.00131069
0.0013149
0.00131844
0.0013054
0.00133571
0.00132559
0.00132748
0.00132043
0.00132543
0.00131448
0.00131631
0.00131573
0.00132807
0.00131207
0.00131813
0.00132869
0.00131188
0.00131585
0.00131868
0.00132521
0.00132021
0.00132263
0.00133224
0.00131544
0.00133314
0.00132491
0.00130177
0.00133586
0.00131932
0.00133155
0.00133673
0.00131515
0.00129879
0.00131141
0.00130651
0.00130794
0.00131835
0.00132534
0.00130469
0.00131269
0.00130669
0.00130824
0.00131636
0.0013053
0.00134323
0.00132554
0.00130359
0.00131741
0.00131099
0.00132022
0.00131491
0.00131531
0.00132605
0.00131362
0.00132602
0.00132213
0.00131431
0.00131173
0.0013317
0.00133831
0.00131687
0.00132073
0.00129443
0.00128644
0.00133079
0.00131902
0.00130647
0.00132027
0.00130536
0.00132094
0.00128941
0.00132418
0.00132938
0.00133418
0.00131868
0.0013203
0.00131655
0.00131332
0.00131028
0.00131695
0.00132839
0.00131587
0.00131991
0.00131365
0.00130555
0.0013299
0.00131305
0.0013207
0.00131487
0.00131877
0.00131636
0.00131828
0.00132949
0.00131826
0.00130755
0.00132626
0.00130892
0.00132711
0.00132201
0.00133041
0.00131119
0.00131176
0.00132151
0.00131389
0.00134045
0.00131134
0.00131202
0.00132359
0.00131877
0.00131092
0.00131736
0.00131267
0.00130673
0.00132447
0.00132678
0.00134052
0.00129852
0.00130635
0.00130983
0.00132037
0.00133635
0.00131898
0.00133429
0.00131324
0.00131793
0.00131556
0.00131509
0.00131796
0.00131087
0.00131612
0.00131154
0.00131679
0.00132068
0.00132628
0.00132457
0.00130408
0.00131765
0.00133111
0.00133033
0.00133128
0.00131752
0.00130347
0.00130982
0.00131613
0.00133136
0.00131835
0.00132238
0.00130759
0.00132408
0.00133285
0.00130884
0.00132319
0.00131535
0.00131549
0.00130855
0.00133301
0.00131608
0.0013292
0.00132262
0.0012998
0.00130385
0.00131926
0.00134258
0.00130269
0.00132549
0.00132206
0.00132299
0.00132477
0.00130557
0.00132872
0.00132579
0.00131678
0.0013013
0.0013314
0.00131998
0.00131269
0.00133064
0.00132254
0.00131131
0.00132111
0.00131764
0.00132547
0.00131351
0.00131967
0.00130922
0.00131069
0.00132694
0.00133202
0.00130405
0.00131014
0.00130505
0.00131154
0.00132044
0.00132599
0.00133888
0.00132652
0.00131507
0.00131744
0.00131311
0.00132054
0.0013181
0.00131881
0.00131655
0.00132052
0.00132498
0.0013168
0.00131159
0.00131751
0.00132529
0.00131032
0.00130967
0.00131094
0.0013296
0.00132303
0.00133005
0.00133993
0.00131678
0.0013296
0.00132009
0.00131646
0.00132462
0.00131176
0.00130048
0.00130465
0.00133337
0.00131484
0.00131905
0.0013314
0.00131469
0.00132009
0.00132009
0.00131513
0.00133203
0.0013068
0.00132455
0.00131161
0.00130073
0.00132643
0.00132334
0.00133237
0.00132556
0.00132559
0.00131267
0.00131181
0.00130772
0.00132078
0.00131663
0.0013035
0.0013217
0.00132042
0.00131449
0.00130366
0.00131211
0.00131302
0.00132612
0.00131308
0.00132497
0.00131162
0.0013289
0.00133553
0.00135237
0.00133385
0.0012861
0.00131773
0.00130638
0.00131255
0.00131875
0.0013358
0.00131373
0.00132326
0.00130813
0.00133341
0.00131459
0.00132784
0.00130308
0.00131986
0.0013303
0.00131305
0.00133275
0.00131203
0.00131707
0.00132199
0.00131918
0.00133068
0.00131456
0.00130688
0.00131154
0.00131704
0.00131935
0.00132747
0.0013212
0.00130933
0.00134045
0.00130692
0.00130189
0.00131104
0.00131947
0.00131426
0.00132666
0.00132264
0.00130963
0.00131757
0.00132968
0.00131932
0.00132145
0.00131456
0.00133844
0.00132481
0.00130999
0.00132326
0.00131999
0.00132061
0.00130813
0.00130038
0.00132754
0.00131727
0.00131222
0.00131527
0.0013244
0.00131207
0.00131418
0.00133594
0.00130816
0.00132507
0.0013159
0.00132889
0.00131586
0.00132282
0.00133225
0.00130151
0.00132523
0.00130989
0.00132365
0.00131039
0.00131638
0.0013108
0.00131857
0.00132063
0.00131468
0.00132303
0.00132515
0.00133636
0.00135494
0.00130655
0.00133129
0.00132898
0.00132819
0.00132412
0.00131303
0.00132469
0.00132169
0.00131437
0.00131329
0.00131373
0.00131689
0.00132327
0.0013279
0.00130469
0.00132271
0.0013294
0.00132052
0.00133963
0.00132498
0.00131033
0.00132077
0.00132445
0.00132865
0.00132529
0.00132914
0.00130204
0.00131111
0.00130942
0.00132136
0.00131285
0.0013263
0.00132302
0.00131422
0.00133131
0.00131299
0.00131191
0.00132809
0.00132019
0.00132809
0.00132173
0.00131726
0.00132627
0.00134296
0.00130617
0.00130731
0.0013289
0.0013277
0.00132856
0.00131447
0.00131102
0.00132148
0.00130126
0.00130688
0.00132246
0.0013298
0.0013135
0.00133774
0.00132624
0.00132648
0.00132293
0.00132897
0.0013256
0.00130838
0.001316
0.00131783
0.00131163
0.0013126
0.00130599
0.00132658
0.00131252
0.00132483
0.0013137
0.00131167
0.00132582
0.00130989
0.00129888
0.00131886
0.00132185
0.00131427
0.00131815
0.00131392
0.00131885
0.0013127
0.001333
0.00132388
0.00131468
0.00132663
0.00130669
0.00130846
0.00132131
0.00132759
0.00133649
0.00132498
0.00131858
0.00132865
0.00132989
0.00130157
0.00131761
0.00131851
0.00132365
0.00131588
0.00132716
0.00131216
0.00132359
0.00133034
0.00132093
0.00131485
0.00131914
0.00132112
0.00132384
0.00132813
0.00132533
0.00131651
0.00131545
0.00134232
0.00132333
0.00131903
0.00131738
0.00132554
0.00131504
0.00132599
0.00131355
0.00130893
0.00131926
0.00132936
0.00134444
0.0013143
0.00131219
0.00130877
0.00132804
0.00131225
0.00133068
0.0013228
0.00132325
0.00132287
0.00132401
0.00131174
0.00130685
0.0013223
0.00131537
0.00132385
0.00132208
0.00130544
0.00131036
0.00130828
0.00131407
0.00132678
0.00130961
0.00132252
0.00131185
0.00132283
0.0013143
0.00131911
0.00130701
0.00133288
0.00132585
0.00129795
0.00131542
0.00131377
0.00130943
0.00131324
0.00130803
0.00132218
0.00131254
0.00132817
0.00133382
0.00131623
0.00133064
0.00131177
0.00133578
0.00133816
0.00132201
0.00130494
0.00132026
0.00132221
0.00132375
0.00132511
0.00132685
0.00132118
0.00131907
0.00131778
0.00132417
0.00132347
0.0013227
0.00131737
0.00131396
0.00130816
0.00131404
0.00131715
0.00130083
0.0013186
0.00131182
0.00131203
0.00132902
0.00131621
0.0013036
0.00131394
0.00133061
0.00131662
0.00130536
0.00132563
0.00131341
0.00133453
0.00132323
0.00132479
0.00133232
0.00131419
0.00132113
0.00133851
0.00131583
0.00131757
0.00132758
