proton	1	0	10	neutronInelastic	-430.056	1216.25	2831.13	0.584305
C14	1	0	10	neutronInelastic	-430.056	1216.25	2831.13	0.0420327
alpha	1	0	63	neutronInelastic	102.908	497.186	1192.79	1.47202
gamma	1	0	63	neutronInelastic	102.908	497.186	1192.79	0.477602
Li7	1	0	63	neutronInelastic	102.908	497.186	1192.79	0.83487
gamma	1	0	63	neutronInelastic	102.908	497.186	1192.79	0.00300772
gamma	1	0	63	neutronInelastic	102.908	497.186	1192.79	0.00300772
alpha	1	0	99	neutronInelastic	72.0808	766.385	1196.72	1.47236
gamma	1	0	99	neutronInelastic	72.0808	766.385	1196.72	0.477602
Li7	1	0	99	neutronInelastic	72.0808	766.385	1196.72	0.839373
alpha	1	0	138	neutronInelastic	18.6537	295.994	1196.68	1.47247
gamma	1	0	138	neutronInelastic	18.6537	295.994	1196.68	0.47312
Li7	1	0	138	neutronInelastic	18.6537	295.994	1196.68	0.844871
alpha	1	0	134	neutronInelastic	-45.7961	284.126	1197.03	1.47238
gamma	1	0	134	neutronInelastic	-45.7961	284.126	1197.03	0.477601
Li7	1	0	134	neutronInelastic	-45.7961	284.126	1197.03	0.837981
gamma	1	0	134	neutronInelastic	-45.7961	284.126	1197.03	0.00127048
gamma	1	0	134	neutronInelastic	-45.7961	284.126	1197.03	0.00127048
alpha	1	0	327	neutronInelastic	-71.2863	534.365	1195.18	1.47244
gamma	1	0	327	neutronInelastic	-71.2863	534.365	1195.18	0.477603
Li7	1	0	327	neutronInelastic	-71.2863	534.365	1195.18	0.834895
gamma	1	0	327	neutronInelastic	-71.2863	534.365	1195.18	0.00278302
gamma	1	0	327	neutronInelastic	-71.2863	534.365	1195.18	0.00278302
proton	1	0	16	neutronInelastic	-294.688	259.162	1651.45	0.584254
C14	1	0	16	neutronInelastic	-294.688	259.162	1651.45	0.0420834
alpha	1	0	134	neutronInelastic	16.6184	731.998	1196.76	1.47238
gamma	1	0	134	neutronInelastic	16.6184	731.998	1196.76	0.477602
Li7	1	0	134	neutronInelastic	16.6184	731.998	1196.76	0.834004
gamma	1	0	134	neutronInelastic	16.6184	731.998	1196.76	0.00326051
gamma	1	0	134	neutronInelastic	16.6184	731.998	1196.76	0.00326051
proton	1	0	124	neutronInelastic	845.575	2460.17	2227.56	0.584328
C14	1	0	124	neutronInelastic	845.575	2460.17	2227.56	0.0420102
alpha	1	0	103	neutronInelastic	10.6718	464.768	1191.14	1.47234
gamma	1	0	103	neutronInelastic	10.6718	464.768	1191.14	0.471064
Li7	1	0	103	neutronInelastic	10.6718	464.768	1191.14	0.847008
proton	1	0	14	neutronInelastic	660.624	744.494	2114.56	0.584287
C14	1	0	14	neutronInelastic	660.624	744.494	2114.56	0.0420504
proton	1	0	85	neutronInelastic	2416.61	2156.18	2248.21	0.584273
C14	1	0	85	neutronInelastic	2416.61	2156.18	2248.21	0.0420652
proton	1	0	125	neutronInelastic	1941.2	-804.138	1686.84	0.584204
C14	1	0	125	neutronInelastic	1941.2	-804.138	1686.84	0.0421338
alpha	1	0	310	neutronInelastic	-254.842	540.917	1196.91	1.47254
gamma	1	0	310	neutronInelastic	-254.842	540.917	1196.91	0.477602
Li7	1	0	310	neutronInelastic	-254.842	540.917	1196.91	0.837601
gamma	1	0	310	neutronInelastic	-254.842	540.917	1196.91	0.00138218
gamma	1	0	310	neutronInelastic	-254.842	540.917	1196.91	0.00138218
proton	1	0	56	neutronInelastic	-387.351	819.968	2069.05	0.584263
C14	1	0	56	neutronInelastic	-387.351	819.968	2069.05	0.042075
proton	1	0	88	neutronInelastic	380.539	403.317	1671.29	0.584315
C14	1	0	88	neutronInelastic	380.539	403.317	1671.29	0.0420225
alpha	1	0	321	neutronInelastic	-147.386	567.087	1196.43	1.47234
gamma	1	0	321	neutronInelastic	-147.386	567.087	1196.43	0.476381
Li7	1	0	321	neutronInelastic	-147.386	567.087	1196.43	0.841779
alpha	1	0	171	neutronInelastic	-104.435	413.104	1194.25	1.47192
gamma	1	0	171	neutronInelastic	-104.435	413.104	1194.25	0.474442
Li7	1	0	171	neutronInelastic	-104.435	413.104	1194.25	0.844126
proton	1	0	13	neutronInelastic	-1366.09	-107.048	2547.86	0.58424
C14	1	0	13	neutronInelastic	-1366.09	-107.048	2547.86	0.042098
alpha	1	0	47	neutronInelastic	186.358	390.098	1196.63	1.47239
gamma	1	0	47	neutronInelastic	186.358	390.098	1196.63	0.477603
Li7	1	0	47	neutronInelastic	186.358	390.098	1196.63	0.835257
gamma	1	0	47	neutronInelastic	186.358	390.098	1196.63	0.00262909
gamma	1	0	47	neutronInelastic	186.358	390.098	1196.63	0.00262909
proton	1	0	8	neutronInelastic	-10.3113	133.49	1789.47	0.584246
C14	1	0	8	neutronInelastic	-10.3113	133.49	1789.47	0.0420913
alpha	1	0	92	neutronInelastic	-184.478	292.078	1190.83	1.47214
gamma	1	0	92	neutronInelastic	-184.478	292.078	1190.83	0.470848
Li7	1	0	92	neutronInelastic	-184.478	292.078	1190.83	0.847412
proton	1	0	10	neutronInelastic	1712.39	936.12	2762.17	0.584308
C14	1	0	10	neutronInelastic	1712.39	936.12	2762.17	0.04203
proton	1	0	46	neutronInelastic	-1627.29	-1621.69	2182.39	0.584184
C14	1	0	46	neutronInelastic	-1627.29	-1621.69	2182.39	0.0421536
proton	1	0	23	neutronInelastic	460.387	770.911	2045.34	0.584249
C14	1	0	23	neutronInelastic	460.387	770.911	2045.34	0.0420887
alpha	1	0	86	neutronInelastic	21.6057	409.592	1196.15	1.47247
gamma	1	0	86	neutronInelastic	21.6057	409.592	1196.15	0.477602
Li7	1	0	86	neutronInelastic	21.6057	409.592	1196.15	0.832785
gamma	1	0	86	neutronInelastic	21.6057	409.592	1196.15	0.00382482
gamma	1	0	86	neutronInelastic	21.6057	409.592	1196.15	0.00382482
proton	1	0	21	neutronInelastic	-1779.21	841.221	2486.95	0.584278
C14	1	0	21	neutronInelastic	-1779.21	841.221	2486.95	0.04206
alpha	1	0	105	neutronInelastic	7.34971	408.222	1195.07	1.47241
gamma	1	0	105	neutronInelastic	7.34971	408.222	1195.07	0.476484
Li7	1	0	105	neutronInelastic	7.34971	408.222	1195.07	0.841612
alpha	1	0	87	neutronInelastic	-143.367	349.372	1192.41	1.47259
gamma	1	0	87	neutronInelastic	-143.367	349.372	1192.41	0.477602
Li7	1	0	87	neutronInelastic	-143.367	349.372	1192.41	0.835265
gamma	1	0	87	neutronInelastic	-143.367	349.372	1192.41	0.00252735
gamma	1	0	87	neutronInelastic	-143.367	349.372	1192.41	0.00252735
proton	1	0	24	neutronInelastic	126.243	525.795	2179.3	0.584232
C14	1	0	24	neutronInelastic	126.243	525.795	2179.3	0.0421057
alpha	1	0	55	neutronInelastic	-79.8056	344.586	1194.82	1.47238
gamma	1	0	55	neutronInelastic	-79.8056	344.586	1194.82	0.477602
Li7	1	0	55	neutronInelastic	-79.8056	344.586	1194.82	0.838952
alpha	1	0	161	neutronInelastic	-196.651	679.365	1191.25	1.47253
gamma	1	0	161	neutronInelastic	-196.651	679.365	1191.25	0.477602
Li7	1	0	161	neutronInelastic	-196.651	679.365	1191.25	0.834436
gamma	1	0	161	neutronInelastic	-196.651	679.365	1191.25	0.00296962
gamma	1	0	161	neutronInelastic	-196.651	679.365	1191.25	0.00296962
alpha	1	0	115	neutronInelastic	-108.181	640.461	1195.84	1.47227
gamma	1	0	115	neutronInelastic	-108.181	640.461	1195.84	0.477601
Li7	1	0	115	neutronInelastic	-108.181	640.461	1195.84	0.840502
alpha	1	0	168	neutronInelastic	52.5292	535.818	1195.89	1.47241
gamma	1	0	168	neutronInelastic	52.5292	535.818	1195.89	0.471071
Li7	1	0	168	neutronInelastic	52.5292	535.818	1195.89	0.846927
alpha	1	0	249	neutronInelastic	-1.36658	387.527	1196.02	1.47258
gamma	1	0	249	neutronInelastic	-1.36658	387.527	1196.02	0.477603
Li7	1	0	249	neutronInelastic	-1.36658	387.527	1196.02	0.839558
alpha	1	0	55	neutronInelastic	-300.196	457.679	1194.49	1.47235
gamma	1	0	55	neutronInelastic	-300.196	457.679	1194.49	0.477602
Li7	1	0	55	neutronInelastic	-300.196	457.679	1194.49	0.83922
alpha	1	0	172	neutronInelastic	141.935	459.934	1194.33	1.47249
gamma	1	0	172	neutronInelastic	141.935	459.934	1194.33	0.477602
Li7	1	0	172	neutronInelastic	141.935	459.934	1194.33	0.833779
gamma	1	0	172	neutronInelastic	141.935	459.934	1194.33	0.00331683
gamma	1	0	172	neutronInelastic	141.935	459.934	1194.33	0.00331683
alpha	1	0	42	neutronInelastic	223.672	614.486	1196.03	1.4722
gamma	1	0	42	neutronInelastic	223.672	614.486	1196.03	0.477602
Li7	1	0	42	neutronInelastic	223.672	614.486	1196.03	0.833518
gamma	1	0	42	neutronInelastic	223.672	614.486	1196.03	0.00359288
gamma	1	0	42	neutronInelastic	223.672	614.486	1196.03	0.00359288
alpha	1	0	95	neutronInelastic	-61.9046	396.241	1196.13	1.472
gamma	1	0	95	neutronInelastic	-61.9046	396.241	1196.13	0.477604
Li7	1	0	95	neutronInelastic	-61.9046	396.241	1196.13	0.833172
gamma	1	0	95	neutronInelastic	-61.9046	396.241	1196.13	0.00386387
gamma	1	0	95	neutronInelastic	-61.9046	396.241	1196.13	0.00386387
alpha	1	0	72	neutronInelastic	10.6373	261.037	1195.41	1.47243
gamma	1	0	72	neutronInelastic	10.6373	261.037	1195.41	0.47671
Li7	1	0	72	neutronInelastic	10.6373	261.037	1195.41	0.841366
proton	1	0	9	neutronInelastic	2323.25	-1403.81	2359.84	0.584317
C14	1	0	9	neutronInelastic	2323.25	-1403.81	2359.84	0.0420203
alpha	1	0	126	neutronInelastic	79.9217	566.362	1196.01	1.47216
gamma	1	0	126	neutronInelastic	79.9217	566.362	1196.01	0.477603
Li7	1	0	126	neutronInelastic	79.9217	566.362	1196.01	0.836776
gamma	1	0	126	neutronInelastic	79.9217	566.362	1196.01	0.00198569
gamma	1	0	126	neutronInelastic	79.9217	566.362	1196.01	0.00198569
alpha	1	0	185	neutronInelastic	-113.543	792.13	1196.85	1.47221
gamma	1	0	185	neutronInelastic	-113.543	792.13	1196.85	0.472589
Li7	1	0	185	neutronInelastic	-113.543	792.13	1196.85	0.845651
alpha	1	0	145	neutronInelastic	86.095	687.577	1196.84	1.47214
gamma	1	0	145	neutronInelastic	86.095	687.577	1196.84	0.477603
Li7	1	0	145	neutronInelastic	86.095	687.577	1196.84	0.834278
gamma	1	0	145	neutronInelastic	86.095	687.577	1196.84	0.00324562
gamma	1	0	145	neutronInelastic	86.095	687.577	1196.84	0.00324562
proton	1	0	12	neutronInelastic	479.035	88.4388	1749.89	0.584253
C14	1	0	12	neutronInelastic	479.035	88.4388	1749.89	0.0420849
proton	1	0	16	neutronInelastic	-206.97	1001.56	1944.33	0.5843
C14	1	0	16	neutronInelastic	-206.97	1001.56	1944.33	0.0420375
proton	1	0	50	neutronInelastic	157.592	501.78	1422.21	0.584233
C14	1	0	50	neutronInelastic	157.592	501.78	1422.21	0.0421047
proton	1	0	71	neutronInelastic	427.704	-2615.05	2265.07	0.584201
C14	1	0	71	neutronInelastic	427.704	-2615.05	2265.07	0.0421364
alpha	1	0	174	neutronInelastic	-55.123	668.443	1196.24	1.47257
gamma	1	0	174	neutronInelastic	-55.123	668.443	1196.24	0.472114
Li7	1	0	174	neutronInelastic	-55.123	668.443	1196.24	0.845751
alpha	1	0	90	neutronInelastic	253.584	411.193	1196.58	1.47267
gamma	1	0	90	neutronInelastic	253.584	411.193	1196.58	0.477601
Li7	1	0	90	neutronInelastic	253.584	411.193	1196.58	0.835424
gamma	1	0	90	neutronInelastic	253.584	411.193	1196.58	0.00240594
gamma	1	0	90	neutronInelastic	253.584	411.193	1196.58	0.00240594
alpha	1	0	101	neutronInelastic	-37.6319	450.081	1192.12	1.47219
gamma	1	0	101	neutronInelastic	-37.6319	450.081	1192.12	0.477603
Li7	1	0	101	neutronInelastic	-37.6319	450.081	1192.12	0.834753
gamma	1	0	101	neutronInelastic	-37.6319	450.081	1192.12	0.00298346
gamma	1	0	101	neutronInelastic	-37.6319	450.081	1192.12	0.00298346
alpha	1	0	60	neutronInelastic	-31.5717	494.216	1196.86	1.77677
Li7	1	0	60	neutronInelastic	-31.5717	494.216	1196.86	1.01335
proton	1	0	39	neutronInelastic	254.799	597.129	1485.35	0.584307
C14	1	0	39	neutronInelastic	254.799	597.129	1485.35	0.0420305
proton	1	0	22	neutronInelastic	-379.718	811.894	2159.46	0.58423
C14	1	0	22	neutronInelastic	-379.718	811.894	2159.46	0.0421081
alpha	1	0	283	neutronInelastic	-238.993	353.681	1195.05	1.47253
gamma	1	0	283	neutronInelastic	-238.993	353.681	1195.05	0.477601
Li7	1	0	283	neutronInelastic	-238.993	353.681	1195.05	0.834371
gamma	1	0	283	neutronInelastic	-238.993	353.681	1195.05	0.00300289
gamma	1	0	283	neutronInelastic	-238.993	353.681	1195.05	0.00300289
proton	1	0	8	neutronInelastic	1063.11	218.622	2645.83	0.584272
C14	1	0	8	neutronInelastic	1063.11	218.622	2645.83	0.0420657
alpha	1	0	98	neutronInelastic	-110.893	591.368	1195.23	1.4723
gamma	1	0	98	neutronInelastic	-110.893	591.368	1195.23	0.477602
Li7	1	0	98	neutronInelastic	-110.893	591.368	1195.23	0.834304
gamma	1	0	98	neutronInelastic	-110.893	591.368	1195.23	0.00314902
gamma	1	0	98	neutronInelastic	-110.893	591.368	1195.23	0.00314902
proton	1	0	15	neutronInelastic	394.812	506.286	1403.04	0.584241
C14	1	0	15	neutronInelastic	394.812	506.286	1403.04	0.0420967
proton	1	0	20	neutronInelastic	-2413.53	-237.627	2999.69	0.584324
C14	1	0	20	neutronInelastic	-2413.53	-237.627	2999.69	0.0420135
proton	1	0	21	neutronInelastic	-236.152	582.345	1379.04	0.584255
C14	1	0	21	neutronInelastic	-236.152	582.345	1379.04	0.0420827
alpha	1	0	87	neutronInelastic	-244.028	589.704	1190.17	1.47246
gamma	1	0	87	neutronInelastic	-244.028	589.704	1190.17	0.477602
Li7	1	0	87	neutronInelastic	-244.028	589.704	1190.17	0.833878
gamma	1	0	87	neutronInelastic	-244.028	589.704	1190.17	0.00328433
gamma	1	0	87	neutronInelastic	-244.028	589.704	1190.17	0.00328433
proton	1	0	14	neutronInelastic	-596.149	913.954	2180.22	0.58434
C14	1	0	14	neutronInelastic	-596.149	913.954	2180.22	0.0419979
alpha	1	0	201	neutronInelastic	-146.69	480.413	1194.44	1.47189
gamma	1	0	201	neutronInelastic	-146.69	480.413	1194.44	0.477604
Li7	1	0	201	neutronInelastic	-146.69	480.413	1194.44	0.835596
gamma	1	0	201	neutronInelastic	-146.69	480.413	1194.44	0.00271153
gamma	1	0	201	neutronInelastic	-146.69	480.413	1194.44	0.00271153
alpha	1	0	175	neutronInelastic	-82.8743	411.189	1195.83	1.47211
gamma	1	0	175	neutronInelastic	-82.8743	411.189	1195.83	0.477441
Li7	1	0	175	neutronInelastic	-82.8743	411.189	1195.83	0.840952
alpha	1	0	116	neutronInelastic	146.837	264.8	1195.7	1.47207
gamma	1	0	116	neutronInelastic	146.837	264.8	1195.7	0.474966
Li7	1	0	116	neutronInelastic	146.837	264.8	1195.7	0.843456
proton	1	0	31	neutronInelastic	-63.7673	-1191.7	2266.77	0.584257
C14	1	0	31	neutronInelastic	-63.7673	-1191.7	2266.77	0.0420809
alpha	1	0	138	neutronInelastic	-66.3809	642.961	1194.53	1.47215
gamma	1	0	138	neutronInelastic	-66.3809	642.961	1194.53	0.47222
Li7	1	0	138	neutronInelastic	-66.3809	642.961	1194.53	0.846069
alpha	1	0	87	neutronInelastic	-69.1752	324.786	1196.18	1.47251
gamma	1	0	87	neutronInelastic	-69.1752	324.786	1196.18	0.476406
Li7	1	0	87	neutronInelastic	-69.1752	324.786	1196.18	0.841591
alpha	1	0	128	neutronInelastic	15.2607	626.327	1196.92	1.47252
gamma	1	0	128	neutronInelastic	15.2607	626.327	1196.92	0.475231
Li7	1	0	128	neutronInelastic	15.2607	626.327	1196.92	0.842741
proton	1	0	20	neutronInelastic	712.441	-74.0193	2915.94	0.584307
C14	1	0	20	neutronInelastic	712.441	-74.0193	2915.94	0.0420312
alpha	1	0	126	neutronInelastic	115.779	279.5	1195.5	1.4726
gamma	1	0	126	neutronInelastic	115.779	279.5	1195.5	0.473337
Li7	1	0	126	neutronInelastic	115.779	279.5	1195.5	0.844529
proton	1	0	12	neutronInelastic	243.361	997.859	1704.51	0.584309
C14	1	0	12	neutronInelastic	243.361	997.859	1704.51	0.0420289
alpha	1	0	66	neutronInelastic	-61.7263	559.436	1194.53	1.4721
gamma	1	0	66	neutronInelastic	-61.7263	559.436	1194.53	0.477601
Li7	1	0	66	neutronInelastic	-61.7263	559.436	1194.53	0.836425
gamma	1	0	66	neutronInelastic	-61.7263	559.436	1194.53	0.00219146
gamma	1	0	66	neutronInelastic	-61.7263	559.436	1194.53	0.00219146
alpha	1	0	49	neutronInelastic	-89.0141	274.125	1196.71	1.47247
gamma	1	0	49	neutronInelastic	-89.0141	274.125	1196.71	0.477602
Li7	1	0	49	neutronInelastic	-89.0141	274.125	1196.71	0.835067
gamma	1	0	49	neutronInelastic	-89.0141	274.125	1196.71	0.00268668
gamma	1	0	49	neutronInelastic	-89.0141	274.125	1196.71	0.00268668
proton	1	0	14	neutronInelastic	64.1354	343.302	1624.12	0.584236
C14	1	0	14	neutronInelastic	64.1354	343.302	1624.12	0.0421021
alpha	1	0	22	neutronInelastic	-276.534	501.615	1194.72	1.47239
gamma	1	0	22	neutronInelastic	-276.534	501.615	1194.72	0.470507
Li7	1	0	22	neutronInelastic	-276.534	501.615	1194.72	0.847496
alpha	1	0	180	neutronInelastic	57.7056	351.235	1196.83	1.77666
Li7	1	0	180	neutronInelastic	57.7056	351.235	1196.83	1.01346
proton	1	0	46	neutronInelastic	1.6733	-1151.48	2792.59	0.584296
C14	1	0	46	neutronInelastic	1.6733	-1151.48	2792.59	0.0420423
alpha	1	0	174	neutronInelastic	-89.1924	419.857	1195.36	1.4725
gamma	1	0	174	neutronInelastic	-89.1924	419.857	1195.36	0.4776
Li7	1	0	174	neutronInelastic	-89.1924	419.857	1195.36	0.836896
gamma	1	0	174	neutronInelastic	-89.1924	419.857	1195.36	0.00175451
gamma	1	0	174	neutronInelastic	-89.1924	419.857	1195.36	0.00175451
alpha	1	0	95	neutronInelastic	0.572046	468.724	1196.89	1.4724
gamma	1	0	95	neutronInelastic	0.572046	468.724	1196.89	0.47607
Li7	1	0	95	neutronInelastic	0.572046	468.724	1196.89	0.84203
proton	1	0	10	neutronInelastic	-464.096	-617.045	2381.81	0.584307
C14	1	0	10	neutronInelastic	-464.096	-617.045	2381.81	0.0420311
alpha	1	0	88	neutronInelastic	-21.5418	556.819	1183.41	1.47295
gamma	1	0	88	neutronInelastic	-21.5418	556.819	1183.41	0.477601
Li7	1	0	88	neutronInelastic	-21.5418	556.819	1183.41	0.836992
gamma	1	0	88	neutronInelastic	-21.5418	556.819	1183.41	0.00148383
gamma	1	0	88	neutronInelastic	-21.5418	556.819	1183.41	0.00148383
alpha	1	0	194	neutronInelastic	72.3234	411.943	1197.05	1.47221
gamma	1	0	194	neutronInelastic	72.3234	411.943	1197.05	0.477603
Li7	1	0	194	neutronInelastic	72.3234	411.943	1197.05	0.832608
gamma	1	0	194	neutronInelastic	72.3234	411.943	1197.05	0.00404311
gamma	1	0	194	neutronInelastic	72.3234	411.943	1197.05	0.00404311
alpha	1	0	254	neutronInelastic	32.44	485.476	1196.57	1.47205
gamma	1	0	254	neutronInelastic	32.44	485.476	1196.57	0.477603
Li7	1	0	254	neutronInelastic	32.44	485.476	1196.57	0.834348
gamma	1	0	254	neutronInelastic	32.44	485.476	1196.57	0.00325372
gamma	1	0	254	neutronInelastic	32.44	485.476	1196.57	0.00325372
alpha	1	0	184	neutronInelastic	3.0089	280.691	1196.77	1.47261
gamma	1	0	184	neutronInelastic	3.0089	280.691	1196.77	0.477603
Li7	1	0	184	neutronInelastic	3.0089	280.691	1196.77	0.839753
alpha	1	0	52	neutronInelastic	38.7378	407.478	1196.48	1.47264
gamma	1	0	52	neutronInelastic	38.7378	407.478	1196.48	0.477601
Li7	1	0	52	neutronInelastic	38.7378	407.478	1196.48	0.837565
gamma	1	0	52	neutronInelastic	38.7378	407.478	1196.48	0.0013525
gamma	1	0	52	neutronInelastic	38.7378	407.478	1196.48	0.0013525
proton	1	0	17	neutronInelastic	-855.899	715.285	2252.86	0.584312
C14	1	0	17	neutronInelastic	-855.899	715.285	2252.86	0.0420255
alpha	1	0	161	neutronInelastic	30.0514	462.102	1196.55	1.47228
gamma	1	0	161	neutronInelastic	30.0514	462.102	1196.55	0.472399
Li7	1	0	161	neutronInelastic	30.0514	462.102	1196.55	0.845765
alpha	1	0	91	neutronInelastic	210.772	414.393	1192.44	1.47223
gamma	1	0	91	neutronInelastic	210.772	414.393	1192.44	0.477602
Li7	1	0	91	neutronInelastic	210.772	414.393	1192.44	0.83287
gamma	1	0	91	neutronInelastic	210.772	414.393	1192.44	0.00390474
gamma	1	0	91	neutronInelastic	210.772	414.393	1192.44	0.00390474
proton	1	0	15	neutronInelastic	-470.075	1491.95	2525.73	0.584282
C14	1	0	15	neutronInelastic	-470.075	1491.95	2525.73	0.0420557
proton	1	0	39	neutronInelastic	135.475	509.826	2695.42	0.584272
C14	1	0	39	neutronInelastic	135.475	509.826	2695.42	0.0420653
alpha	1	0	185	neutronInelastic	63.0189	781.686	1183.48	1.4724
gamma	1	0	185	neutronInelastic	63.0189	781.686	1183.48	0.470503
Li7	1	0	185	neutronInelastic	63.0189	781.686	1183.48	0.84749
proton	1	0	29	neutronInelastic	349.897	221.407	1607.69	0.584227
C14	1	0	29	neutronInelastic	349.897	221.407	1607.69	0.042111
proton	1	0	87	neutronInelastic	605.93	-325.842	2146.81	0.584259
C14	1	0	87	neutronInelastic	605.93	-325.842	2146.81	0.0420788
alpha	1	0	88	neutronInelastic	69.7286	431.565	1196.59	1.47247
gamma	1	0	88	neutronInelastic	69.7286	431.565	1196.59	0.477601
Li7	1	0	88	neutronInelastic	69.7286	431.565	1196.59	0.836921
gamma	1	0	88	neutronInelastic	69.7286	431.565	1196.59	0.0017557
gamma	1	0	88	neutronInelastic	69.7286	431.565	1196.59	0.0017557
proton	1	0	38	neutronInelastic	240.134	742.033	2309.48	0.584327
C14	1	0	38	neutronInelastic	240.134	742.033	2309.48	0.0420109
proton	1	0	6	neutronInelastic	-239.377	476.883	1484.76	0.58428
C14	1	0	6	neutronInelastic	-239.377	476.883	1484.76	0.042058
proton	1	0	17	neutronInelastic	56.2147	-904.595	2387.51	0.584349
C14	1	0	17	neutronInelastic	56.2147	-904.595	2387.51	0.041989
proton	1	0	127	neutronInelastic	-1458.9	-581.922	2448.61	0.584267
C14	1	0	127	neutronInelastic	-1458.9	-581.922	2448.61	0.0420706
alpha	1	0	79	neutronInelastic	-28.6406	516.383	1194.73	1.47232
gamma	1	0	79	neutronInelastic	-28.6406	516.383	1194.73	0.476542
Li7	1	0	79	neutronInelastic	-28.6406	516.383	1194.73	0.84164
proton	1	0	9	neutronInelastic	278.757	1600.86	1928.46	0.584272
C14	1	0	9	neutronInelastic	278.757	1600.86	1928.46	0.0420657
alpha	1	0	156	neutronInelastic	20.9281	352.608	1196.51	1.47246
gamma	1	0	156	neutronInelastic	20.9281	352.608	1196.51	0.476085
Li7	1	0	156	neutronInelastic	20.9281	352.608	1196.51	0.841961
alpha	1	0	106	neutronInelastic	132.321	298.277	1196.75	1.47237
gamma	1	0	106	neutronInelastic	132.321	298.277	1196.75	0.477602
Li7	1	0	106	neutronInelastic	132.321	298.277	1196.75	0.837895
gamma	1	0	106	neutronInelastic	132.321	298.277	1196.75	0.00131939
gamma	1	0	106	neutronInelastic	132.321	298.277	1196.75	0.00131939
alpha	1	0	146	neutronInelastic	365.136	464.568	1185.37	1.47231
gamma	1	0	146	neutronInelastic	365.136	464.568	1185.37	0.477602
Li7	1	0	146	neutronInelastic	365.136	464.568	1185.37	0.834711
gamma	1	0	146	neutronInelastic	365.136	464.568	1185.37	0.00294239
gamma	1	0	146	neutronInelastic	365.136	464.568	1185.37	0.00294239
alpha	1	0	140	neutronInelastic	-165.449	395.693	1196.41	1.47259
gamma	1	0	140	neutronInelastic	-165.449	395.693	1196.41	0.477602
Li7	1	0	140	neutronInelastic	-165.449	395.693	1196.41	0.836582
gamma	1	0	140	neutronInelastic	-165.449	395.693	1196.41	0.001868
gamma	1	0	140	neutronInelastic	-165.449	395.693	1196.41	0.001868
alpha	1	0	166	neutronInelastic	184.143	470.469	1195.35	1.47255
gamma	1	0	166	neutronInelastic	184.143	470.469	1195.35	0.475538
Li7	1	0	166	neutronInelastic	184.143	470.469	1195.35	0.842411
proton	1	0	24	neutronInelastic	1572.32	27.3906	1538.46	0.584275
C14	1	0	24	neutronInelastic	1572.32	27.3906	1538.46	0.0420624
proton	1	0	16	neutronInelastic	-1715.51	586.131	2280.02	0.584245
C14	1	0	16	neutronInelastic	-1715.51	586.131	2280.02	0.0420926
alpha	1	0	48	neutronInelastic	185.913	571.808	1195.42	1.47225
gamma	1	0	48	neutronInelastic	185.913	571.808	1195.42	0.47556
Li7	1	0	48	neutronInelastic	185.913	571.808	1195.42	0.842687
proton	1	0	21	neutronInelastic	1351.67	-460.073	2778	0.58432
C14	1	0	21	neutronInelastic	1351.67	-460.073	2778	0.0420176
alpha	1	0	195	neutronInelastic	12.3503	652.401	1196.7	1.47226
gamma	1	0	195	neutronInelastic	12.3503	652.401	1196.7	0.473593
Li7	1	0	195	neutronInelastic	12.3503	652.401	1196.7	0.844613
proton	1	0	20	neutronInelastic	-2392.51	-78.4394	1717.92	0.584255
C14	1	0	20	neutronInelastic	-2392.51	-78.4394	1717.92	0.0420824
alpha	1	0	51	neutronInelastic	126.916	612.423	1196.93	1.47242
gamma	1	0	51	neutronInelastic	126.916	612.423	1196.93	0.477602
Li7	1	0	51	neutronInelastic	126.916	612.423	1196.93	0.834298
gamma	1	0	51	neutronInelastic	126.916	612.423	1196.93	0.00309265
gamma	1	0	51	neutronInelastic	126.916	612.423	1196.93	0.00309265
alpha	1	0	86	neutronInelastic	165.502	550.687	1191.57	1.47246
gamma	1	0	86	neutronInelastic	165.502	550.687	1191.57	0.477602
Li7	1	0	86	neutronInelastic	165.502	550.687	1191.57	0.836426
gamma	1	0	86	neutronInelastic	165.502	550.687	1191.57	0.00200803
gamma	1	0	86	neutronInelastic	165.502	550.687	1191.57	0.00200803
alpha	1	0	206	neutronInelastic	91.1405	488.374	1196.7	1.4721
gamma	1	0	206	neutronInelastic	91.1405	488.374	1196.7	0.474357
Li7	1	0	206	neutronInelastic	91.1405	488.374	1196.7	0.844029
proton	1	0	7	neutronInelastic	-0.578385	326.561	2005.98	0.584263
C14	1	0	7	neutronInelastic	-0.578385	326.561	2005.98	0.0420753
alpha	1	0	134	neutronInelastic	-132.65	599.547	1194.83	1.4724
gamma	1	0	134	neutronInelastic	-132.65	599.547	1194.83	0.47551
Li7	1	0	134	neutronInelastic	-132.65	599.547	1194.83	0.842591
proton	1	0	10	neutronInelastic	-921.767	634.709	2567.6	0.584279
C14	1	0	10	neutronInelastic	-921.767	634.709	2567.6	0.0420587
alpha	1	0	112	neutronInelastic	21.0705	447.687	1195.88	1.47244
gamma	1	0	112	neutronInelastic	21.0705	447.687	1195.88	0.473514
Li7	1	0	112	neutronInelastic	21.0705	447.687	1195.88	0.844518
alpha	1	0	321	neutronInelastic	14.0665	577.262	1195.23	1.47206
gamma	1	0	321	neutronInelastic	14.0665	577.262	1195.23	0.471416
Li7	1	0	321	neutronInelastic	14.0665	577.262	1195.23	0.846947
alpha	1	0	127	neutronInelastic	-173.419	427.292	1196.59	1.47226
gamma	1	0	127	neutronInelastic	-173.419	427.292	1196.59	0.477602
Li7	1	0	127	neutronInelastic	-173.419	427.292	1196.59	0.838459
gamma	1	0	127	neutronInelastic	-173.419	427.292	1196.59	0.00109428
gamma	1	0	127	neutronInelastic	-173.419	427.292	1196.59	0.00109428
proton	1	0	37	neutronInelastic	-451.219	1396.76	2259.76	0.584317
C14	1	0	37	neutronInelastic	-451.219	1396.76	2259.76	0.0420211
alpha	1	0	50	neutronInelastic	133.812	577.305	1196.24	1.47255
gamma	1	0	50	neutronInelastic	133.812	577.305	1196.24	0.477601
Li7	1	0	50	neutronInelastic	133.812	577.305	1196.24	0.834183
gamma	1	0	50	neutronInelastic	133.812	577.305	1196.24	0.00308734
gamma	1	0	50	neutronInelastic	133.812	577.305	1196.24	0.00308734
alpha	1	0	71	neutronInelastic	-172.804	473.97	1194.59	1.47232
gamma	1	0	71	neutronInelastic	-172.804	473.97	1194.59	0.477603
Li7	1	0	71	neutronInelastic	-172.804	473.97	1194.59	0.836691
gamma	1	0	71	neutronInelastic	-172.804	473.97	1194.59	0.00194944
gamma	1	0	71	neutronInelastic	-172.804	473.97	1194.59	0.00194944
alpha	1	0	299	neutronInelastic	-215.575	517.905	1194.19	1.4722
gamma	1	0	299	neutronInelastic	-215.575	517.905	1194.19	0.477602
Li7	1	0	299	neutronInelastic	-215.575	517.905	1194.19	0.834781
gamma	1	0	299	neutronInelastic	-215.575	517.905	1194.19	0.00296138
gamma	1	0	299	neutronInelastic	-215.575	517.905	1194.19	0.00296138
alpha	1	0	183	neutronInelastic	-40.1765	477.641	1195.54	1.47246
gamma	1	0	183	neutronInelastic	-40.1765	477.641	1195.54	0.477603
Li7	1	0	183	neutronInelastic	-40.1765	477.641	1195.54	0.83726
gamma	1	0	183	neutronInelastic	-40.1765	477.641	1195.54	0.00159412
gamma	1	0	183	neutronInelastic	-40.1765	477.641	1195.54	0.00159412
alpha	1	0	84	neutronInelastic	131.533	362.698	1194.32	1.47238
gamma	1	0	84	neutronInelastic	131.533	362.698	1194.32	0.471049
Li7	1	0	84	neutronInelastic	131.533	362.698	1194.32	0.846985
alpha	1	0	192	neutronInelastic	-312.444	514.697	1196.67	1.47261
gamma	1	0	192	neutronInelastic	-312.444	514.697	1196.67	0.477602
Li7	1	0	192	neutronInelastic	-312.444	514.697	1196.67	0.83919
proton	1	0	10	neutronInelastic	594.023	661.606	2399.38	0.584358
C14	1	0	10	neutronInelastic	594.023	661.606	2399.38	0.0419802
alpha	1	0	307	neutronInelastic	-153.408	351.837	1196.97	1.47234
gamma	1	0	307	neutronInelastic	-153.408	351.837	1196.97	0.477602
Li7	1	0	307	neutronInelastic	-153.408	351.837	1196.97	0.837916
gamma	1	0	307	neutronInelastic	-153.408	351.837	1196.97	0.00132517
gamma	1	0	307	neutronInelastic	-153.408	351.837	1196.97	0.00132517
alpha	1	0	162	neutronInelastic	135.984	439.603	1196.79	1.47254
gamma	1	0	162	neutronInelastic	135.984	439.603	1196.79	0.470615
Li7	1	0	162	neutronInelastic	135.984	439.603	1196.79	0.847246
alpha	1	0	128	neutronInelastic	175.763	356.05	1196.8	1.47256
gamma	1	0	128	neutronInelastic	175.763	356.05	1196.8	0.47371
Li7	1	0	128	neutronInelastic	175.763	356.05	1196.8	0.844202
alpha	1	0	42	neutronInelastic	68.3091	250.101	1195.01	1.47239
gamma	1	0	42	neutronInelastic	68.3091	250.101	1195.01	0.476532
Li7	1	0	42	neutronInelastic	68.3091	250.101	1195.01	0.841578
alpha	1	0	84	neutronInelastic	150.742	474.347	1196.46	1.4729
gamma	1	0	84	neutronInelastic	150.742	474.347	1196.46	0.477599
Li7	1	0	84	neutronInelastic	150.742	474.347	1196.46	0.832054
gamma	1	0	84	neutronInelastic	150.742	474.347	1196.46	0.00397804
gamma	1	0	84	neutronInelastic	150.742	474.347	1196.46	0.00397804
proton	1	0	103	neutronInelastic	-1087.49	-394.99	2764.48	0.584251
C14	1	0	103	neutronInelastic	-1087.49	-394.99	2764.48	0.0420866
proton	1	0	16	neutronInelastic	1756.52	2323.05	1812.42	0.58434
C14	1	0	16	neutronInelastic	1756.52	2323.05	1812.42	0.0419978
proton	1	0	15	neutronInelastic	-1877.46	606.515	2762.05	0.584078
C14	1	0	15	neutronInelastic	-1877.46	606.515	2762.05	0.0422603
proton	1	0	19	neutronInelastic	-387.049	89.4717	2048.26	0.584254
C14	1	0	19	neutronInelastic	-387.049	89.4717	2048.26	0.0420836
alpha	1	0	139	neutronInelastic	70.7493	684.449	1190.09	1.47234
gamma	1	0	139	neutronInelastic	70.7493	684.449	1190.09	0.477603
Li7	1	0	139	neutronInelastic	70.7493	684.449	1190.09	0.834507
gamma	1	0	139	neutronInelastic	70.7493	684.449	1190.09	0.00302672
gamma	1	0	139	neutronInelastic	70.7493	684.449	1190.09	0.00302672
alpha	1	0	43	neutronInelastic	-3.70889	485.916	1194.89	1.4725
gamma	1	0	43	neutronInelastic	-3.70889	485.916	1194.89	0.477602
Li7	1	0	43	neutronInelastic	-3.70889	485.916	1194.89	0.835208
gamma	1	0	43	neutronInelastic	-3.70889	485.916	1194.89	0.00259721
gamma	1	0	43	neutronInelastic	-3.70889	485.916	1194.89	0.00259721
proton	1	0	10	neutronInelastic	589.909	1025.88	2143.72	0.584249
C14	1	0	10	neutronInelastic	589.909	1025.88	2143.72	0.0420891
proton	1	0	25	neutronInelastic	780.896	1503.01	2158.9	0.584241
C14	1	0	25	neutronInelastic	780.896	1503.01	2158.9	0.0420971
alpha	1	0	92	neutronInelastic	90.4509	574.251	1197.05	1.47214
gamma	1	0	92	neutronInelastic	90.4509	574.251	1197.05	0.477602
Li7	1	0	92	neutronInelastic	90.4509	574.251	1197.05	0.834136
gamma	1	0	92	neutronInelastic	90.4509	574.251	1197.05	0.00331647
gamma	1	0	92	neutronInelastic	90.4509	574.251	1197.05	0.00331647
proton	1	0	6	neutronInelastic	499.802	-790.806	2067.22	0.584282
C14	1	0	6	neutronInelastic	499.802	-790.806	2067.22	0.0420557
proton	1	0	29	neutronInelastic	6.53523	2064.97	1541.56	0.584339
C14	1	0	29	neutronInelastic	6.53523	2064.97	1541.56	0.041999
alpha	1	0	65	neutronInelastic	-54.2218	367.134	1195.5	1.47216
gamma	1	0	65	neutronInelastic	-54.2218	367.134	1195.5	0.472092
Li7	1	0	65	neutronInelastic	-54.2218	367.134	1195.5	0.846189
alpha	1	0	113	neutronInelastic	218.463	580.454	1190.25	1.47224
gamma	1	0	113	neutronInelastic	218.463	580.454	1190.25	0.470608
Li7	1	0	113	neutronInelastic	218.463	580.454	1190.25	0.847546
alpha	1	0	262	neutronInelastic	292.003	534.395	1187.75	1.47246
gamma	1	0	262	neutronInelastic	292.003	534.395	1187.75	0.477602
Li7	1	0	262	neutronInelastic	292.003	534.395	1187.75	0.839188
proton	1	0	25	neutronInelastic	-1661.47	1211.17	2124.62	0.584206
C14	1	0	25	neutronInelastic	-1661.47	1211.17	2124.62	0.0421323
proton	1	0	43	neutronInelastic	-483.925	677.905	2514.37	0.584271
C14	1	0	43	neutronInelastic	-483.925	677.905	2514.37	0.0420665
alpha	1	0	220	neutronInelastic	38.134	465.87	1193.45	1.4725
gamma	1	0	220	neutronInelastic	38.134	465.87	1193.45	0.473533
Li7	1	0	220	neutronInelastic	38.134	465.87	1193.45	0.844438
alpha	1	0	36	neutronInelastic	79.0045	386.858	1193.41	1.47211
gamma	1	0	36	neutronInelastic	79.0045	386.858	1193.41	0.477603
Li7	1	0	36	neutronInelastic	79.0045	386.858	1193.41	0.834998
gamma	1	0	36	neutronInelastic	79.0045	386.858	1193.41	0.00289709
gamma	1	0	36	neutronInelastic	79.0045	386.858	1193.41	0.00289709
alpha	1	0	41	neutronInelastic	19.0143	489.137	1190.51	1.47248
gamma	1	0	41	neutronInelastic	19.0143	489.137	1190.51	0.477601
Li7	1	0	41	neutronInelastic	19.0143	489.137	1190.51	0.835395
gamma	1	0	41	neutronInelastic	19.0143	489.137	1190.51	0.00251729
gamma	1	0	41	neutronInelastic	19.0143	489.137	1190.51	0.00251729
alpha	1	0	88	neutronInelastic	-5.49066	548.321	1193.56	1.4724
gamma	1	0	88	neutronInelastic	-5.49066	548.321	1193.56	0.477601
Li7	1	0	88	neutronInelastic	-5.49066	548.321	1193.56	0.834593
gamma	1	0	88	neutronInelastic	-5.49066	548.321	1193.56	0.00295499
gamma	1	0	88	neutronInelastic	-5.49066	548.321	1193.56	0.00295499
proton	1	0	28	neutronInelastic	1486.05	1031.62	2570.83	0.584286
C14	1	0	28	neutronInelastic	1486.05	1031.62	2570.83	0.0420518
alpha	1	0	55	neutronInelastic	107.522	718.062	1190.21	1.47233
gamma	1	0	55	neutronInelastic	107.522	718.062	1190.21	0.477601
Li7	1	0	55	neutronInelastic	107.522	718.062	1190.21	0.839698
proton	1	0	8	neutronInelastic	519.051	245.484	2214.49	0.584219
C14	1	0	8	neutronInelastic	519.051	245.484	2214.49	0.0421189
proton	1	0	22	neutronInelastic	-720.459	507.72	1590.36	0.584259
C14	1	0	22	neutronInelastic	-720.459	507.72	1590.36	0.0420791
alpha	1	0	83	neutronInelastic	48.7237	737.229	1193.12	1.47243
gamma	1	0	83	neutronInelastic	48.7237	737.229	1193.12	0.477602
Li7	1	0	83	neutronInelastic	48.7237	737.229	1193.12	0.834819
gamma	1	0	83	neutronInelastic	48.7237	737.229	1193.12	0.00282749
gamma	1	0	83	neutronInelastic	48.7237	737.229	1193.12	0.00282749
proton	1	0	30	neutronInelastic	239.994	552.532	1411.68	0.584246
C14	1	0	30	neutronInelastic	239.994	552.532	1411.68	0.0420919
alpha	1	0	97	neutronInelastic	75.7617	708.735	1194.67	1.47242
gamma	1	0	97	neutronInelastic	75.7617	708.735	1194.67	0.472299
Li7	1	0	97	neutronInelastic	75.7617	708.735	1194.67	0.845722
alpha	1	0	188	neutronInelastic	-206.042	542.424	1193.33	1.47232
gamma	1	0	188	neutronInelastic	-206.042	542.424	1193.33	0.4721
Li7	1	0	188	neutronInelastic	-206.042	542.424	1193.33	0.846021
proton	1	0	23	neutronInelastic	696.398	-72.1401	1873.96	0.584296
C14	1	0	23	neutronInelastic	696.398	-72.1401	1873.96	0.0420419
proton	1	0	8	neutronInelastic	1137.77	-1337.98	2158.66	0.584319
C14	1	0	8	neutronInelastic	1137.77	-1337.98	2158.66	0.0420184
proton	1	0	14	neutronInelastic	-1303.01	-1475.89	1727.67	0.584336
C14	1	0	14	neutronInelastic	-1303.01	-1475.89	1727.67	0.0420017
proton	1	0	6	neutronInelastic	1566.58	-779.457	2278.76	0.584278
C14	1	0	6	neutronInelastic	1566.58	-779.457	2278.76	0.0420594
alpha	1	0	375	neutronInelastic	102.984	509.452	1195.81	1.47216
gamma	1	0	375	neutronInelastic	102.984	509.452	1195.81	0.477601
Li7	1	0	375	neutronInelastic	102.984	509.452	1195.81	0.839399
alpha	1	0	61	neutronInelastic	232.842	461.922	1197.02	1.47244
gamma	1	0	61	neutronInelastic	232.842	461.922	1197.02	0.477602
Li7	1	0	61	neutronInelastic	232.842	461.922	1197.02	0.834496
gamma	1	0	61	neutronInelastic	232.842	461.922	1197.02	0.00298625
gamma	1	0	61	neutronInelastic	232.842	461.922	1197.02	0.00298625
alpha	1	0	99	neutronInelastic	-35.7658	459.962	1195.59	1.47215
gamma	1	0	99	neutronInelastic	-35.7658	459.962	1195.59	0.477602
Li7	1	0	99	neutronInelastic	-35.7658	459.962	1195.59	0.83526
gamma	1	0	99	neutronInelastic	-35.7658	459.962	1195.59	0.00274832
gamma	1	0	99	neutronInelastic	-35.7658	459.962	1195.59	0.00274832
alpha	1	0	115	neutronInelastic	127.21	333.276	1197.05	1.47239
gamma	1	0	115	neutronInelastic	127.21	333.276	1197.05	0.476563
Li7	1	0	115	neutronInelastic	127.21	333.276	1197.05	0.841546
alpha	1	0	183	neutronInelastic	-163.46	385.063	1197.02	1.47226
gamma	1	0	183	neutronInelastic	-163.46	385.063	1197.02	0.477601
Li7	1	0	183	neutronInelastic	-163.46	385.063	1197.02	0.838387
gamma	1	0	183	neutronInelastic	-163.46	385.063	1197.02	0.0011314
gamma	1	0	183	neutronInelastic	-163.46	385.063	1197.02	0.0011314
alpha	1	0	123	neutronInelastic	-14.163	473.176	1196.41	1.47247
gamma	1	0	123	neutronInelastic	-14.163	473.176	1196.41	0.477602
Li7	1	0	123	neutronInelastic	-14.163	473.176	1196.41	0.834132
gamma	1	0	123	neutronInelastic	-14.163	473.176	1196.41	0.00314999
gamma	1	0	123	neutronInelastic	-14.163	473.176	1196.41	0.00314999
alpha	1	0	162	neutronInelastic	52.4516	652.609	1194.31	1.47228
gamma	1	0	162	neutronInelastic	52.4516	652.609	1194.31	0.477531
Li7	1	0	162	neutronInelastic	52.4516	652.609	1194.31	0.840694
alpha	1	0	263	neutronInelastic	-171.161	286.911	1196.72	1.47234
gamma	1	0	263	neutronInelastic	-171.161	286.911	1196.72	0.473599
Li7	1	0	263	neutronInelastic	-171.161	286.911	1196.72	0.844528
alpha	1	0	124	neutronInelastic	-29.0084	350.416	1195.86	1.47268
gamma	1	0	124	neutronInelastic	-29.0084	350.416	1195.86	0.477601
Li7	1	0	124	neutronInelastic	-29.0084	350.416	1195.86	0.832234
gamma	1	0	124	neutronInelastic	-29.0084	350.416	1195.86	0.00399402
gamma	1	0	124	neutronInelastic	-29.0084	350.416	1195.86	0.00399402
alpha	1	0	142	neutronInelastic	146.982	594.082	1195.72	1.47231
gamma	1	0	142	neutronInelastic	146.982	594.082	1195.72	0.474156
Li7	1	0	142	neutronInelastic	146.982	594.082	1195.72	0.84401
alpha	1	0	175	neutronInelastic	191.905	516.779	1196.75	1.47251
gamma	1	0	175	neutronInelastic	191.905	516.779	1196.75	0.473181
Li7	1	0	175	neutronInelastic	191.905	516.779	1196.75	0.844773
alpha	1	0	67	neutronInelastic	101.616	803.361	1194.84	1.47219
gamma	1	0	67	neutronInelastic	101.616	803.361	1194.84	0.477603
Li7	1	0	67	neutronInelastic	101.616	803.361	1194.84	0.837528
gamma	1	0	67	neutronInelastic	101.616	803.361	1194.84	0.00159565
gamma	1	0	67	neutronInelastic	101.616	803.361	1194.84	0.00159565
alpha	1	0	133	neutronInelastic	-32.8327	454.494	1196.81	1.47239
gamma	1	0	133	neutronInelastic	-32.8327	454.494	1196.81	0.477602
Li7	1	0	133	neutronInelastic	-32.8327	454.494	1196.81	0.839896
alpha	1	0	58	neutronInelastic	-213.358	619.593	1196.95	1.77683
Li7	1	0	58	neutronInelastic	-213.358	619.593	1196.95	1.01328
proton	1	0	5	neutronInelastic	-313.32	-228.108	2524.14	0.584248
C14	1	0	5	neutronInelastic	-313.32	-228.108	2524.14	0.0420898
alpha	1	0	31	neutronInelastic	77.2073	373.181	1195.53	1.47223
gamma	1	0	31	neutronInelastic	77.2073	373.181	1195.53	0.477319
Li7	1	0	31	neutronInelastic	77.2073	373.181	1195.53	0.840955
alpha	1	0	150	neutronInelastic	213.188	430.492	1194.79	1.47254
gamma	1	0	150	neutronInelastic	213.188	430.492	1194.79	0.473332
Li7	1	0	150	neutronInelastic	213.188	430.492	1194.79	0.844592
proton	1	0	71	neutronInelastic	-269.582	574.892	1647.98	0.584313
C14	1	0	71	neutronInelastic	-269.582	574.892	1647.98	0.0420251
alpha	1	0	178	neutronInelastic	45.9842	658.057	1180.61	1.47266
gamma	1	0	178	neutronInelastic	45.9842	658.057	1180.61	0.476034
Li7	1	0	178	neutronInelastic	45.9842	658.057	1180.61	0.841812
alpha	1	0	138	neutronInelastic	106.675	636.146	1196.15	1.47215
gamma	1	0	138	neutronInelastic	106.675	636.146	1196.15	0.477603
Li7	1	0	138	neutronInelastic	106.675	636.146	1196.15	0.840347
alpha	1	0	98	neutronInelastic	-85.1054	709.619	1197	1.47199
gamma	1	0	98	neutronInelastic	-85.1054	709.619	1197	0.477604
Li7	1	0	98	neutronInelastic	-85.1054	709.619	1197	0.835929
gamma	1	0	98	neutronInelastic	-85.1054	709.619	1197	0.00249309
gamma	1	0	98	neutronInelastic	-85.1054	709.619	1197	0.00249309
alpha	1	0	129	neutronInelastic	10.0857	541.152	1196.38	1.47272
gamma	1	0	129	neutronInelastic	10.0857	541.152	1196.38	0.474676
Li7	1	0	129	neutronInelastic	10.0857	541.152	1196.38	0.843091
alpha	1	0	88	neutronInelastic	-116.925	398.684	1191.96	1.4725
gamma	1	0	88	neutronInelastic	-116.925	398.684	1191.96	0.476824
Li7	1	0	88	neutronInelastic	-116.925	398.684	1191.96	0.841177
alpha	1	0	313	neutronInelastic	-121.155	633.336	1195.28	1.47237
gamma	1	0	313	neutronInelastic	-121.155	633.336	1195.28	0.476546
Li7	1	0	313	neutronInelastic	-121.155	633.336	1195.28	0.841588
proton	1	0	20	neutronInelastic	-515.8	1885.83	2768.51	0.58428
C14	1	0	20	neutronInelastic	-515.8	1885.83	2768.51	0.042058
proton	1	0	29	neutronInelastic	-225.366	-776.447	1575.54	0.584269
C14	1	0	29	neutronInelastic	-225.366	-776.447	1575.54	0.0420691
alpha	1	0	248	neutronInelastic	-145.788	485.707	1195.04	1.47243
gamma	1	0	248	neutronInelastic	-145.788	485.707	1195.04	0.47424
Li7	1	0	248	neutronInelastic	-145.788	485.707	1195.04	0.84381
proton	1	0	11	neutronInelastic	-181.016	504.751	1974.73	0.584231
C14	1	0	11	neutronInelastic	-181.016	504.751	1974.73	0.0421069
alpha	1	0	121	neutronInelastic	314.871	407.333	1194.33	1.47241
gamma	1	0	121	neutronInelastic	314.871	407.333	1194.33	0.473238
Li7	1	0	121	neutronInelastic	314.871	407.333	1194.33	0.844815
alpha	1	0	161	neutronInelastic	-261.487	625.438	1193.53	1.47222
gamma	1	0	161	neutronInelastic	-261.487	625.438	1193.53	0.472417
Li7	1	0	161	neutronInelastic	-261.487	625.438	1193.53	0.845812
alpha	1	0	78	neutronInelastic	-173.817	457.656	1195.62	1.47219
gamma	1	0	78	neutronInelastic	-173.817	457.656	1195.62	0.473587
Li7	1	0	78	neutronInelastic	-173.817	457.656	1195.62	0.844694
alpha	1	0	25	neutronInelastic	92.95	399.79	1191.33	1.47217
gamma	1	0	25	neutronInelastic	92.95	399.79	1191.33	0.471366
Li7	1	0	25	neutronInelastic	92.95	399.79	1191.33	0.846888
proton	1	0	214	neutronInelastic	-137.362	-1696.2	1773.54	0.58434
C14	1	0	214	neutronInelastic	-137.362	-1696.2	1773.54	0.0419979
alpha	1	0	176	neutronInelastic	38.3043	308.621	1193.21	1.47241
gamma	1	0	176	neutronInelastic	38.3043	308.621	1193.21	0.477602
Li7	1	0	176	neutronInelastic	38.3043	308.621	1193.21	0.835141
gamma	1	0	176	neutronInelastic	38.3043	308.621	1193.21	0.00267607
gamma	1	0	176	neutronInelastic	38.3043	308.621	1193.21	0.00267607
alpha	1	0	118	neutronInelastic	-230.357	607.447	1196.45	1.47195
gamma	1	0	118	neutronInelastic	-230.357	607.447	1196.45	0.477604
Li7	1	0	118	neutronInelastic	-230.357	607.447	1196.45	0.835412
gamma	1	0	118	neutronInelastic	-230.357	607.447	1196.45	0.00276914
gamma	1	0	118	neutronInelastic	-230.357	607.447	1196.45	0.00276914
proton	1	0	6	neutronInelastic	309.896	336.05	1585.99	0.584325
C14	1	0	6	neutronInelastic	309.896	336.05	1585.99	0.0420126
alpha	1	0	151	neutronInelastic	142.412	324.41	1196.87	1.47249
gamma	1	0	151	neutronInelastic	142.412	324.41	1196.87	0.475337
Li7	1	0	151	neutronInelastic	142.412	324.41	1196.87	0.842669
alpha	1	0	189	neutronInelastic	-4.63665	237.696	1196.59	1.47246
gamma	1	0	189	neutronInelastic	-4.63665	237.696	1196.59	0.474006
Li7	1	0	189	neutronInelastic	-4.63665	237.696	1196.59	0.844014
alpha	1	0	174	neutronInelastic	28.9325	462.48	1194.45	1.47238
gamma	1	0	174	neutronInelastic	28.9325	462.48	1194.45	0.470486
Li7	1	0	174	neutronInelastic	28.9325	462.48	1194.45	0.847523
proton	1	0	29	neutronInelastic	553.328	589.291	2514.1	0.584328
C14	1	0	29	neutronInelastic	553.328	589.291	2514.1	0.0420094
proton	1	0	18	neutronInelastic	-96.2131	337.226	1341.42	0.584353
C14	1	0	18	neutronInelastic	-96.2131	337.226	1341.42	0.0419846
proton	1	0	163	neutronInelastic	234.069	1014.46	2082.87	0.584252
C14	1	0	163	neutronInelastic	234.069	1014.46	2082.87	0.0420854
alpha	1	0	350	neutronInelastic	-244.875	770.063	1195.8	1.47237
gamma	1	0	350	neutronInelastic	-244.875	770.063	1195.8	0.472132
Li7	1	0	350	neutronInelastic	-244.875	770.063	1195.8	0.845941
proton	1	0	8	neutronInelastic	-105.314	2092.64	1534.01	0.584228
C14	1	0	8	neutronInelastic	-105.314	2092.64	1534.01	0.04211
proton	1	0	32	neutronInelastic	982.552	-389.102	2908.67	0.584139
C14	1	0	32	neutronInelastic	982.552	-389.102	2908.67	0.0421989
proton	1	0	17	neutronInelastic	-232.49	1350.75	1522.28	0.584216
C14	1	0	17	neutronInelastic	-232.49	1350.75	1522.28	0.0421222
proton	1	0	69	neutronInelastic	-249.972	1660.32	2558.38	0.584251
C14	1	0	69	neutronInelastic	-249.972	1660.32	2558.38	0.0420866
alpha	1	0	68	neutronInelastic	182.093	608.409	1190.34	1.47215
gamma	1	0	68	neutronInelastic	182.093	608.409	1190.34	0.473083
Li7	1	0	68	neutronInelastic	182.093	608.409	1190.34	0.845225
proton	1	0	13	neutronInelastic	-1371.47	256.145	2339.24	0.584326
C14	1	0	13	neutronInelastic	-1371.47	256.145	2339.24	0.0420118
alpha	1	0	241	neutronInelastic	-172.51	453.954	1190.53	1.47261
gamma	1	0	241	neutronInelastic	-172.51	453.954	1190.53	0.476244
Li7	1	0	241	neutronInelastic	-172.51	453.954	1190.53	0.841651
proton	1	0	6	neutronInelastic	1093	1801.02	2363.17	0.584287
C14	1	0	6	neutronInelastic	1093	1801.02	2363.17	0.042051
proton	1	0	9	neutronInelastic	93.5191	840.091	2328.64	0.584289
C14	1	0	9	neutronInelastic	93.5191	840.091	2328.64	0.042049
alpha	1	0	111	neutronInelastic	102.93	546.267	1196.04	1.47225
gamma	1	0	111	neutronInelastic	102.93	546.267	1196.04	0.472351
Li7	1	0	111	neutronInelastic	102.93	546.267	1196.04	0.84584
alpha	1	0	87	neutronInelastic	-94.3647	772.853	1196.25	1.47207
gamma	1	0	87	neutronInelastic	-94.3647	772.853	1196.25	0.476577
Li7	1	0	87	neutronInelastic	-94.3647	772.853	1196.25	0.841857
alpha	1	0	166	neutronInelastic	97.2783	475.428	1190.99	1.47263
gamma	1	0	166	neutronInelastic	97.2783	475.428	1190.99	0.477602
Li7	1	0	166	neutronInelastic	97.2783	475.428	1190.99	0.836608
gamma	1	0	166	neutronInelastic	97.2783	475.428	1190.99	0.00183314
gamma	1	0	166	neutronInelastic	97.2783	475.428	1190.99	0.00183314
proton	1	0	8	neutronInelastic	2.24738	471.783	1494.61	0.584308
C14	1	0	8	neutronInelastic	2.24738	471.783	1494.61	0.04203
alpha	1	0	181	neutronInelastic	-103.987	597.615	1194.5	1.47254
gamma	1	0	181	neutronInelastic	-103.987	597.615	1194.5	0.476774
Li7	1	0	181	neutronInelastic	-103.987	597.615	1194.5	0.841196
proton	1	0	15	neutronInelastic	-288.206	483.906	1665.44	0.584262
C14	1	0	15	neutronInelastic	-288.206	483.906	1665.44	0.042076
alpha	1	0	166	neutronInelastic	-77.514	722.778	1196.02	1.47254
gamma	1	0	166	neutronInelastic	-77.514	722.778	1196.02	0.477602
Li7	1	0	166	neutronInelastic	-77.514	722.778	1196.02	0.839506
alpha	1	0	99	neutronInelastic	72.4442	560.163	1193.91	1.47232
gamma	1	0	99	neutronInelastic	72.4442	560.163	1193.91	0.477601
Li7	1	0	99	neutronInelastic	72.4442	560.163	1193.91	0.838724
alpha	1	0	315	neutronInelastic	41.4889	632.608	1194.82	1.47254
gamma	1	0	315	neutronInelastic	41.4889	632.608	1194.82	0.473627
Li7	1	0	315	neutronInelastic	41.4889	632.608	1194.82	0.844305
alpha	1	0	131	neutronInelastic	51.6579	558.342	1193.85	1.47248
gamma	1	0	131	neutronInelastic	51.6579	558.342	1193.85	0.471939
Li7	1	0	131	neutronInelastic	51.6579	558.342	1193.85	0.84602
proton	1	0	8	neutronInelastic	207.186	519.02	1354.92	0.584175
C14	1	0	8	neutronInelastic	207.186	519.02	1354.92	0.0421626
proton	1	0	119	neutronInelastic	204.067	668.954	1376.82	0.584231
C14	1	0	119	neutronInelastic	204.067	668.954	1376.82	0.0421065
alpha	1	0	46	neutronInelastic	-73.675	718.816	1195.12	1.47204
gamma	1	0	46	neutronInelastic	-73.675	718.816	1195.12	0.472442
Li7	1	0	46	neutronInelastic	-73.675	718.816	1195.12	0.845967
alpha	1	0	213	neutronInelastic	100.547	474.969	1193.89	1.47241
gamma	1	0	213	neutronInelastic	100.547	474.969	1193.89	0.477602
Li7	1	0	213	neutronInelastic	100.547	474.969	1193.89	0.837526
gamma	1	0	213	neutronInelastic	100.547	474.969	1193.89	0.00148323
gamma	1	0	213	neutronInelastic	100.547	474.969	1193.89	0.00148323
alpha	1	0	158	neutronInelastic	74.3534	743.164	1195.21	1.4724
gamma	1	0	158	neutronInelastic	74.3534	743.164	1195.21	0.477602
Li7	1	0	158	neutronInelastic	74.3534	743.164	1195.21	0.833432
gamma	1	0	158	neutronInelastic	74.3534	743.164	1195.21	0.00353877
gamma	1	0	158	neutronInelastic	74.3534	743.164	1195.21	0.00353877
proton	1	0	16	neutronInelastic	-100.98	545.635	1373.15	0.584283
C14	1	0	16	neutronInelastic	-100.98	545.635	1373.15	0.0420547
proton	1	0	17	neutronInelastic	-789.466	504.786	2900.36	0.584272
C14	1	0	17	neutronInelastic	-789.466	504.786	2900.36	0.0420662
alpha	1	0	74	neutronInelastic	-53.8748	363.048	1195.92	1.47225
gamma	1	0	74	neutronInelastic	-53.8748	363.048	1195.92	0.477602
Li7	1	0	74	neutronInelastic	-53.8748	363.048	1195.92	0.834936
gamma	1	0	74	neutronInelastic	-53.8748	363.048	1195.92	0.00286104
gamma	1	0	74	neutronInelastic	-53.8748	363.048	1195.92	0.00286104
alpha	1	0	108	neutronInelastic	136.699	736.918	1193.22	1.47246
gamma	1	0	108	neutronInelastic	136.699	736.918	1193.22	0.476297
Li7	1	0	108	neutronInelastic	136.699	736.918	1193.22	0.841745
alpha	1	0	27	neutronInelastic	-103.223	327.904	1195.33	1.47248
gamma	1	0	27	neutronInelastic	-103.223	327.904	1195.33	0.472054
Li7	1	0	27	neutronInelastic	-103.223	327.904	1195.33	0.845899
alpha	1	0	99	neutronInelastic	-32.3767	664.535	1195.31	1.47214
gamma	1	0	99	neutronInelastic	-32.3767	664.535	1195.31	0.474929
Li7	1	0	99	neutronInelastic	-32.3767	664.535	1195.31	0.843416
proton	1	0	94	neutronInelastic	180.049	1159.94	2658.04	0.584258
C14	1	0	94	neutronInelastic	180.049	1159.94	2658.04	0.0420796
alpha	1	0	84	neutronInelastic	-35.6345	687.844	1314.36	0.180397
C14	1	0	84	neutronInelastic	-35.6345	687.844	1314.36	0.0515639
gamma	1	0	84	neutronInelastic	-35.6345	687.844	1314.36	0.793432
gamma	1	0	84	neutronInelastic	-35.6345	687.844	1314.36	0.793432
alpha	1	0	180	neutronInelastic	-18.4596	639.984	1191.81	1.47233
gamma	1	0	180	neutronInelastic	-18.4596	639.984	1191.81	0.477602
Li7	1	0	180	neutronInelastic	-18.4596	639.984	1191.81	0.837756
gamma	1	0	180	neutronInelastic	-18.4596	639.984	1191.81	0.00141246
gamma	1	0	180	neutronInelastic	-18.4596	639.984	1191.81	0.00141246
